"X"	"Y"
-10	303.882714889726
-9.99	220.221935315667
-9.98	282.001289172652
-9.97	241.077926810136
-9.96	303.26096366195
-9.95	237.016241363893
-9.94	248.7138138679
-9.93	222.939219555017
-9.92	254.402804505698
-9.91	251.023422555155
-9.9	232.380049853053
-9.89	258.12788432144
-9.88	288.917086110292
-9.87	289.28163330677
-9.86	309.176153410117
-9.85	247.97167980695
-9.84	262.252080610606
-9.83	219.603879410356
-9.82	282.697130229545
-9.81	261.933345085315
-9.8	282.293422264444
-9.79	268.598457637254
-9.78	260.669857398707
-9.77	293.706388896755
-9.76	285.765487444546
-9.75	289.983655578683
-9.74	222.364352992357
-9.73	263.553587129802
-9.72	209.167634878814
-9.71	214.195699910946
-9.7	272.458375566855
-9.69	285.442990078063
-9.68	276.543900605539
-9.67	283.356732836125
-9.66	247.250441884967
-9.65	239.843061486685
-9.64	247.354237104373
-9.63	277.422583719497
-9.62	201.250142780565
-9.61	205.018198033377
-9.6	217.353006595845
-9.59	250.24614594739
-9.58	202.721900298138
-9.57	244.794173137747
-9.56	192.550194655226
-9.55	224.682432756469
-9.54	193.348392776398
-9.53	275.394544871608
-9.52	196.779603371654
-9.51	192.20578351081
-9.5	272.692845036175
-9.49	245.947787503152
-9.48	249.597742595072
-9.47	271.57121183316
-9.46	266.251473583653
-9.45	224.609053706971
-9.44	218.439586399517
-9.43	234.17222485539
-9.42	258.468569297989
-9.41	211.186331740151
-9.4	210.943882622813
-9.39	264.444215781057
-9.38	194.695892443562
-9.37	268.212190101935
-9.36	205.229701523678
-9.35	247.060029506001
-9.34	181.481695020663
-9.33	252.287812716085
-9.32	234.727639359996
-9.31	248.467033503625
-9.3	187.038157052556
-9.29	264.570745045653
-9.28	275.403289003551
-9.27	258.201777577145
-9.26	266.559559924762
-9.25	175.488114421671
-9.24	237.106898010395
-9.23	206.588261593831
-9.22	220.74773808527
-9.21	241.598626177261
-9.2	233.86614646625
-9.19	183.667123766686
-9.18	228.364786169814
-9.17	186.67905787577
-9.16	241.683006648182
-9.15	189.868345690721
-9.14	199.070268173624
-9.13	221.817145894543
-9.12	211.153105014368
-9.11	236.438985684361
-9.1	185.767746959739
-9.09	187.322858063534
-9.08	260.931506051998
-9.07	231.566520407957
-9.06	199.910661861281
-9.05	243.948937664029
-9.04	178.42563844958
-9.03	226.551806782504
-9.02	254.047202318086
-9.01	173.821571839621
-9	208.597342828018
-8.99	197.886488052992
-8.98	249.65150955983
-8.97	244.399100913056
-8.96	196.843734233182
-8.95	174.367119692016
-8.94	224.525523149388
-8.93	186.362227836049
-8.92	164.603200182723
-8.91	159.273597686264
-8.9	177.131312629152
-8.89	171.274664401428
-8.88	175.042529165715
-8.87	178.776002120714
-8.86	247.074341484268
-8.85	244.519637793255
-8.84	187.269423353839
-8.83	210.263958034753
-8.82	232.069963622273
-8.81	187.916290488302
-8.8	241.746457664538
-8.79	170.3428945433
-8.78	238.049368630421
-8.77	160.122939102042
-8.76	228.911374611635
-8.75	152.223269405496
-8.74	199.929600661445
-8.73	215.189650000929
-8.72	210.055559725375
-8.71	151.433595082889
-8.7	148.111470731386
-8.69	214.252578785188
-8.68	152.145607446811
-8.67	197.239649905504
-8.66	238.417613817356
-8.65	175.229027887134
-8.64	227.754933535488
-8.63	236.923537004933
-8.62	235.47985713236
-8.61	200.535362441544
-8.6	227.927477793672
-8.59	204.290803216421
-8.58	186.583214168996
-8.57	211.16726644275
-8.56	236.134236389091
-8.55	142.53011076138
-8.54	187.790455497228
-8.53	212.132842891557
-8.52	231.25705266214
-8.51	209.15272977745
-8.5	139.788521328979
-8.49	161.538162487598
-8.48	199.537436678727
-8.47	221.528708621933
-8.46	147.257784575446
-8.45	188.664271847064
-8.44	186.284060113955
-8.43	224.474946151709
-8.42	159.064308269841
-8.41	148.948489822589
-8.4	157.586757011708
-8.39	154.391385921318
-8.38	219.232264591316
-8.37	186.853069824575
-8.36	153.773416619331
-8.35	135.138975603258
-8.34	226.494732109981
-8.33	220.597888117865
-8.32	146.951733592407
-8.31	134.253602128305
-8.3	137.328835904747
-8.29	129.232596621172
-8.28	171.374755485418
-8.27	139.053080798981
-8.26	185.319816893648
-8.25	156.743321700939
-8.24	149.200139655633
-8.23	172.898454336869
-8.22	226.407939041068
-8.21	180.141876133724
-8.2	219.660839978158
-8.19	142.911163758899
-8.18	202.195123957806
-8.17	155.105211317116
-8.16	126.577284808013
-8.15	135.176831027455
-8.14	159.845662663659
-8.13	154.292515340201
-8.12	146.132836623281
-8.11	166.786594958292
-8.1	139.874041615801
-8.09	144.715314218277
-8.08	182.719977480782
-8.07	167.514291726526
-8.06	145.403914159471
-8.05	202.650686641137
-8.04	160.099079715891
-8.03	208.623276470585
-8.02	193.459924175204
-8.01	139.232409907616
-8	200.663507011277
-7.99	143.084715162945
-7.98	161.775541287609
-7.97	140.058332285057
-7.96	126.207350947604
-7.95	178.593417199442
-7.94	129.940780812678
-7.93	198.027182146196
-7.92	153.279820857682
-7.91	118.574783413436
-7.9	180.698870091198
-7.89	202.812559804625
-7.88	210.465917531053
-7.87	166.531408787391
-7.86	136.2416442954
-7.85	196.416151546343
-7.84	169.478136663444
-7.83	113.927529560802
-7.82	121.865061009372
-7.81	137.61934557858
-7.8	207.49900883109
-7.79	117.125294842092
-7.78	136.396441114083
-7.77	154.962046984529
-7.76	152.583590994254
-7.75	205.034508631769
-7.74	152.639223711638
-7.73	173.037688974212
-7.72	110.164199269011
-7.71	107.199358828161
-7.7	166.271421285223
-7.69	151.600299292102
-7.68	158.536487196473
-7.67	128.584797229312
-7.66	129.471945493966
-7.65	165.755284684306
-7.64	194.80944817439
-7.63	113.861404895378
-7.62	183.994825215493
-7.61	110.343301329601
-7.6	100.012387954182
-7.59	153.568459407362
-7.58	117.202377271953
-7.57	192.089018666723
-7.56	127.606366817206
-7.55	134.497600014624
-7.54	127.32990723557
-7.53	165.103144459406
-7.52	166.874031431379
-7.51	106.947803781662
-7.5	153.476210769497
-7.49	153.418932471798
-7.48	132.730544372127
-7.47	97.3357290812934
-7.46	101.377805591649
-7.45	175.564819343386
-7.44	117.073269864559
-7.43	161.486444657712
-7.42	164.975488449673
-7.41	114.679105103581
-7.4	189.450228346184
-7.39	152.242588592388
-7.38	136.486364209568
-7.37	110.87057137895
-7.36	159.228778998201
-7.35	122.106641295654
-7.34	113.589072781753
-7.33	92.342518432881
-7.32	134.063049252687
-7.31	97.6189289167557
-7.3	86.6486668296671
-7.29	160.24038016116
-7.28	95.8629308842246
-7.27	105.126442424461
-7.26	148.235978315653
-7.25	184.585610430558
-7.24	119.060387721061
-7.23	144.444538520533
-7.22	126.063377866404
-7.21	166.465699121296
-7.2	129.504354287798
-7.19	136.460262780272
-7.18	168.991747532095
-7.17	165.936543207245
-7.16	128.940408488425
-7.15	119.801042847982
-7.14	113.841523775689
-7.13	124.710997878305
-7.12	143.086140193888
-7.11	176.382795297003
-7.1	177.835434021228
-7.09	142.775126816486
-7.08	143.447768951235
-7.07	178.197383314206
-7.06	150.2656007057
-7.05	119.377706020785
-7.04	109.881237188817
-7.03	89.1889548842085
-7.02	114.111809846399
-7.01	147.302350745565
-7	156.198741824769
-6.99	138.823807850609
-6.98	150.357010158864
-6.97	164.321349143633
-6.96	121.790818019546
-6.95	98.2892011535588
-6.94	150.029840514925
-6.93	128.698241577169
-6.92	141.933184841453
-6.91	88.4879189446619
-6.9	109.170402495673
-6.89	93.5549002426754
-6.88	73.1514619325356
-6.87	148.26815624931
-6.86	114.812485485701
-6.85	118.860018739096
-6.84	113.378927764387
-6.83	123.875983804773
-6.82	95.162202181366
-6.81	104.636746592674
-6.8	112.872879408136
-6.79	128.62069421085
-6.78	125.087874295622
-6.77	150.340397834795
-6.76	115.469046449639
-6.75	141.782429867057
-6.74	116.955846469856
-6.73	148.026867725772
-6.72	115.692356777431
-6.71	84.7915319413518
-6.7	98.0173532206642
-6.69	164.718335189144
-6.68	158.395662265927
-6.67	91.7129800315372
-6.66	108.367910651999
-6.65	159.143344461282
-6.64	75.6378848456021
-6.63	153.489339843371
-6.62	145.972854975398
-6.61	145.384217288983
-6.6	79.2284677382252
-6.59	117.551996677517
-6.58	100.564597901031
-6.57	91.0000653360165
-6.56	117.187994618888
-6.55	112.474416462124
-6.54	125.366663007455
-6.53	91.8616066837007
-6.52	60.8465228709406
-6.51	108.562377000316
-6.5	74.5583040464687
-6.49	146.826248345931
-6.48	146.303469821708
-6.47	151.299224914089
-6.46	65.8356932296342
-6.45	137.537782613085
-6.44	143.403633719381
-6.43	141.538787563184
-6.42	95.1143096383485
-6.41	89.2576076701636
-6.4	122.700735276906
-6.39	152.375793670268
-6.38	55.7799115221798
-6.37	87.3280419670871
-6.36	51.7367155159206
-6.35	106.685618122391
-6.34	146.474400001378
-6.33	121.048532416371
-6.32	75.3150145038377
-6.31	145.688725567822
-6.3	71.8808949837538
-6.29	138.909287500378
-6.28	145.701904702485
-6.27	149.795404408151
-6.26	107.039950526279
-6.25	88.4719229672195
-6.24	52.7074561005437
-6.23	75.0587331280717
-6.22	149.175128821212
-6.21	125.354818090002
-6.2	123.690937080475
-6.19	69.612112745859
-6.18	85.7335320341718
-6.17	66.2734267493586
-6.16	81.0517274452739
-6.15	48.780108548879
-6.14	76.4588174606232
-6.13	118.110688584557
-6.12	106.442707337862
-6.11	72.6395875673976
-6.1	84.7230509553067
-6.09	50.954758334001
-6.08	87.8932706846611
-6.07	103.307704189083
-6.06	98.4879722325759
-6.05	52.7172893331127
-6.04	94.4455128655844
-6.03	134.021245106129
-6.02	89.9631030111667
-6.01	58.4988892829063
-6	82.982845874745
-5.99	123.417129278706
-5.98	89.0700714191547
-5.97	107.647985284251
-5.96	81.6112032085727
-5.95	109.843217542059
-5.94	137.107433136841
-5.93	97.9580326669947
-5.92	122.464778677967
-5.91	102.646854645479
-5.9	71.1018514327646
-5.89	108.890144944304
-5.88	119.03867400479
-5.87	70.271165938416
-5.86	130.552300082124
-5.85	121.91875820571
-5.84	57.4684864606891
-5.83	95.5714999035839
-5.82	133.30990013103
-5.81	80.4274406880646
-5.8	53.6795175538499
-5.79	42.32854954641
-5.78	133.249992478154
-5.77	107.29583336839
-5.76	67.1939138858853
-5.75	104.858806925638
-5.74	75.3945995422285
-5.73	105.088224483704
-5.72	45.1623730807818
-5.71	64.742406782285
-5.7	41.1981837170738
-5.69	63.4009064013112
-5.68	85.7964067677776
-5.67	106.795583633272
-5.66	101.876249870751
-5.65	78.5947873506983
-5.64	30.6448127692573
-5.63	89.101072428026
-5.62	103.111509034306
-5.61	125.76299279484
-5.6	41.8154655265128
-5.59	103.485813867001
-5.58	69.0693895128524
-5.57	99.8107854774023
-5.56	101.025670458653
-5.55	76.1518351346017
-5.54	99.142547534636
-5.53	108.557494406773
-5.52	64.7024459476323
-5.51	60.3208863711053
-5.5	74.148282732025
-5.49	61.7463567372398
-5.48	81.6335218901235
-5.47	40.0887593966483
-5.46	111.574905007398
-5.45	87.6833387616291
-5.44	45.2589535246023
-5.43	102.875557306457
-5.42	33.2527074387753
-5.41	75.5889190802755
-5.4	41.6532108331904
-5.39	50.0234170725474
-5.38	43.2141109065504
-5.37	33.9109383217468
-5.36	66.4238124886311
-5.35	33.3608905144855
-5.34	45.39470883647
-5.33	73.2558821379125
-5.32	48.4751580100721
-5.31	47.0156778193099
-5.3	70.8222239427302
-5.29	118.321403355998
-5.28	48.6768406286699
-5.27	73.7105489332987
-5.26	19.6196391110803
-5.25	76.8407140160664
-5.24	55.6683814790998
-5.23	96.6012899414353
-5.22	43.6226884247145
-5.21	89.7541879610276
-5.2	18.3909404805529
-5.19	68.9129425572019
-5.18	30.1933817991098
-5.17	19.3071005272288
-5.16	102.51801884804
-5.15	47.3056834850027
-5.14	67.1452710730375
-5.13	29.4815190929379
-5.12	42.4679665109559
-5.11	72.8667435671105
-5.1	91.1220575019961
-5.09	72.4356671669883
-5.08	45.6878653760155
-5.07	22.3399899828517
-5.06	48.4750562921565
-5.05	43.6662772238363
-5.04	56.2861360281823
-5.03	15.8402558728283
-5.02	73.7589737276572
-5.01	72.7137955306644
-5	65.6771335110297
-4.99	111.491399997031
-4.98	50.289929191767
-4.97	32.7990412814931
-4.96	75.612514877199
-4.95	97.1585900663452
-4.94	43.6067479711829
-4.93	34.805431577741
-4.92	93.3419949615035
-4.91	31.879985431635
-4.9	60.9698673461128
-4.89	38.1009798115854
-4.88	95.6695170882957
-4.87	58.0294149769474
-4.86	40.0196545485236
-4.85	11.0992968795628
-4.84	32.470354468838
-4.83	77.0330930815517
-4.82	99.7132368813376
-4.81	19.8497378465854
-4.8	102.28209574215
-4.79	79.6431779552287
-4.78	29.4612949145357
-4.77	49.7234637424624
-4.76	55.9454312720361
-4.75	80.7972600019077
-4.74	14.5882980454458
-4.73	97.4238387368635
-4.72	35.184756631559
-4.71	72.5246594770567
-4.7	62.488386343877
-4.69	8.83706948648685
-4.68	27.6517653216827
-4.67	54.5436405588086
-4.66	5.99439647872029
-4.65	52.8777954768236
-4.64	58.2891762973188
-4.63	4.77338050382042
-4.62	28.3701039500706
-4.61	61.1187259077373
-4.6	11.2935309710835
-4.59	88.276543699396
-4.58	79.8597496093211
-4.57	64.57146883092
-4.56	101.857691080465
-4.55	4.4159136826886
-4.54	10.7037338283897
-4.53	12.9958127782456
-4.52	38.5877950348251
-4.51	58.3018537527779
-4.5	73.0467461485033
-4.49	71.2893623720625
-4.48	25.9180452343095
-4.47	47.7487032649548
-4.46	58.2911157383663
-4.45	71.7758044458059
-4.44	60.7262071625044
-4.43	96.2045109147061
-4.42	57.4258193938695
-4.41	76.3205036368374
-4.4	35.7019599781717
-4.39	0.647017003623048
-4.38	33.2181401136992
-4.37	13.2957701159755
-4.36	5.93708227780944
-4.35	6.50474041647622
-4.34	-4.87315692306128
-4.33	38.5838611661022
-4.32	37.8233128113843
-4.31	85.6839884946452
-4.3	9.40325986648039
-4.29	90.3633269881729
-4.28	73.8190689394489
-4.27	89.8479314706099
-4.26	71.2046065504977
-4.25	-0.469853450857698
-4.24	24.9523347907027
-4.23	66.2321450566473
-4.22	9.39325617061556
-4.21	70.2165148275911
-4.2	58.5301488323217
-4.19	15.8397624279199
-4.18	66.5294038503476
-4.17	74.487667929936
-4.16	-3.50463802831676
-4.15	68.0933702373034
-4.14	8.71431511668736
-4.13	37.2039064488904
-4.12	67.9253841366044
-4.11	3.27280213476426
-4.1	26.7175145345675
-4.09	-2.08183453999653
-4.08	87.2031886234275
-4.07	56.3359391087198
-4.06	49.3428375822823
-4.05	8.9777665829134
-4.04	47.3200005009111
-4.03	44.6159307878925
-4.02	2.40512085399519
-4.01	35.5887735534862
-4	46.7501799882712
-3.99	-10.8742583184478
-3.98	37.5321514374452
-3.97	18.7076006145271
-3.96	87.3086727729444
-3.95	84.8065696027516
-3.94	61.6599199329852
-3.93	88.5819736939913
-3.92	72.6475884931685
-3.91	30.3664471855585
-3.9	49.8783825295691
-3.89	-12.6475948324668
-3.88	-11.0912188327742
-3.87	41.2956019230671
-3.86	13.5558890519889
-3.85	48.7012502539671
-3.84	15.0471682260079
-3.83	19.5116906838618
-3.82	20.468218232315
-3.81	38.4021632566341
-3.8	38.6315984586833
-3.79	33.818844837015
-3.78	84.3966811903837
-3.77	5.33079972661712
-3.76	73.8209280665505
-3.75	18.1564179817037
-3.74	52.7209657869908
-3.73	76.7328528898147
-3.72	-0.263786986869235
-3.71	49.7600091980843
-3.7	63.523339340265
-3.69	39.5320987948941
-3.68	75.689558116232
-3.67	81.4043909259834
-3.66	-10.1039079196616
-3.65	12.6186900160583
-3.64	12.8814265974762
-3.63	13.5532996923809
-3.62	19.4633860729876
-3.61	36.1262690745116
-3.6	33.1498140421019
-3.59	77.1720505523127
-3.58	-3.12102637155198
-3.57	14.3058241482211
-3.56	53.303971752574
-3.55	-11.1772776138672
-3.54	-14.7775457148126
-3.53	-16.1273984999213
-3.52	11.6166827182682
-3.51	71.310616497451
-3.5	52.0516474164115
-3.49	68.6711809634146
-3.48	23.443579256329
-3.47	14.2553516673132
-3.46	31.0376878345492
-3.45	-8.19866517098266
-3.44	27.1335578349892
-3.43	34.4054710675516
-3.42	62.7955120354093
-3.41	-2.72632521324889
-3.4	47.9376251903333
-3.39	3.08244167021497
-3.38	69.049807323863
-3.37	12.9078669039939
-3.36	43.0252742688378
-3.35	60.9415065591635
-3.34	51.9403008688443
-3.33	23.8431685132996
-3.32	53.8419038122159
-3.31	6.92629482105782
-3.3	34.6299257368312
-3.29	61.2901819258352
-3.28	56.4787595892593
-3.27	77.0059011011716
-3.26	57.899114032014
-3.25	66.2851721694927
-3.24	15.8509126512769
-3.23	44.4442581690661
-3.22	57.402634425383
-3.21	-1.86284939960521
-3.2	3.52430144397712
-3.19	19.7667932776969
-3.18	12.9022768085558
-3.17	8.15833314817136
-3.16	74.8005916664688
-3.15	46.2869399690334
-3.14	22.4917950250295
-3.13	59.9826416972511
-3.12	36.9115258814958
-3.11	36.8008565136006
-3.1	21.7828216301642
-3.09	20.5633780340409
-3.08	-10.4032302723454
-3.07	55.5817388632649
-3.06	65.1970907683748
-3.05	44.3198925560863
-3.04	73.6687357347073
-3.03	31.3784093695977
-3.02	60.0418252749554
-3.01	-7.985821392331
-3	67.675276325084
-2.99	38.7317101289439
-2.98	-9.5158679152717
-2.97	31.0039425568244
-2.96	70.4887731148688
-2.95	35.2696078923035
-2.94	70.7052805027663
-2.93	35.3752792775388
-2.92	52.0806611501866
-2.91	1.04861605709671
-2.9	-1.5761324845236
-2.89	40.7632405457164
-2.88	17.0185650545985
-2.87	39.1560997917546
-2.86	51.7245656445706
-2.85	15.7032489935487
-2.84	-24.1355072025636
-2.83	-8.17748404546668
-2.82	2.1447793743897
-2.81	-9.77602771437507
-2.8	56.8409878281121
-2.79	-6.03516435805073
-2.78	0.621955078876944
-2.77	26.5078572665388
-2.76	29.6104983731418
-2.75	41.5603146150814
-2.74	59.1117869096597
-2.73	-31.7162259082175
-2.72	50.7351432422614
-2.71	-11.1576885268792
-2.7	12.956309145586
-2.69	25.9539730320158
-2.68	7.53913273401088
-2.67	28.0513598918025
-2.66	21.376182302253
-2.65	21.0503124362182
-2.64	39.2012686692304
-2.63	30.0774175097427
-2.62	65.7819404311376
-2.61	34.5580992417064
-2.6	22.0861226529055
-2.59	-30.5778082755734
-2.58	-24.360917722095
-2.57	-24.3028759060209
-2.56	9.6054822480093
-2.55	54.1873833333011
-2.54	-30.9131034577849
-2.53	2.91378970975546
-2.52	57.3885201407108
-2.51	26.2487823429292
-2.5	27.3303738729187
-2.49	41.8906011340798
-2.48	48.4569045539928
-2.47	-1.4619453628656
-2.46	65.6643447818814
-2.45	-19.9606896913309
-2.44	-8.25077514457557
-2.43	31.7336815434724
-2.42	30.3675909225584
-2.41	54.814875204724
-2.4	-13.8619960520738
-2.39	-25.3554957506025
-2.38	-10.0296967770606
-2.37	-35.9888350438911
-2.36	37.9807324654559
-2.35	20.0338977616127
-2.34	-29.1574078293235
-2.33	6.2084022652147
-2.32	2.02396118159082
-2.31	18.2400535181927
-2.3	-6.09725728591219
-2.29	45.1064410359417
-2.28	-1.98094318112448
-2.27	2.36645944962839
-2.26	54.8513034688805
-2.25	56.3473399690933
-2.24	-31.7704721481328
-2.23	-36.8887091782845
-2.22	-37.5206388627945
-2.21	-27.3841917029179
-2.2	42.5804559348002
-2.19	-19.7343336680088
-2.18	-36.4046934472557
-2.17	43.4110120091001
-2.16	-25.2073196283663
-2.15	48.6173738076902
-2.14	55.6973516535758
-2.13	30.0350029284508
-2.12	19.122533978634
-2.11	-3.04217548794934
-2.1	-15.5819773559697
-2.09	45.1540681082148
-2.08	-13.1861104074859
-2.07	36.9443877499997
-2.06	45.7439539129989
-2.05	12.7022310613818
-2.04	27.5636945218439
-2.03	51.81754740747
-2.02	14.9399644749207
-2.01	0.0489300083278614
-2	-4.92913910756683
-1.99	-14.2740976593909
-1.98	28.3683117498623
-1.97	-30.5529146710211
-1.96	-34.1858570198481
-1.95	5.10184760930905
-1.94	2.75069526432304
-1.93	-16.5474240091154
-1.92	13.1317806838376
-1.91	-37.6589618556609
-1.9	59.1877422730701
-1.89	49.0135072229591
-1.88	-28.2715904228869
-1.87	48.4639240508933
-1.86	-38.3947659748481
-1.85	-21.7557656829617
-1.84	0.928534784231609
-1.83	44.1073077284102
-1.82	46.5478808589877
-1.81	18.9011505195275
-1.8	22.3863544010975
-1.79	-27.4604725077932
-1.78	14.4919582865409
-1.77	-25.1361958271201
-1.76	1.1036557648396
-1.75	-14.9175163570844
-1.74	59.7081342486012
-1.73	-11.7225321634308
-1.72	-2.69075693431653
-1.71	32.1355340278517
-1.7	2.25139980101082
-1.69	13.8225983546598
-1.68	-13.8295743235951
-1.67	-21.6158206775871
-1.66	44.966705432504
-1.65	7.29249976688389
-1.64	-8.26697181545334
-1.63	57.4523798803592
-1.62	-39.8666384458466
-1.61	29.8202233875714
-1.6	21.1124878320247
-1.59	-1.90412744622128
-1.58	-42.889698994034
-1.57	-37.7993097602891
-1.56	-26.4485631422433
-1.55	49.7554565620507
-1.54	30.6717641959978
-1.53	25.0891335204211
-1.52	28.4099455938189
-1.51	5.92045244245187
-1.5	54.4610324781321
-1.49	51.9282318295091
-1.48	2.17970667026613
-1.47	17.7262748418291
-1.46	1.62946788936049
-1.45	-22.6261677449342
-1.44	-40.5882847394688
-1.43	10.1034642142015
-1.42	45.5569411981343
-1.41	-15.0665463546535
-1.4	-32.3751967757296
-1.39	43.7135982260936
-1.38	45.6676137146183
-1.37	56.8372916605878
-1.36	42.551895965983
-1.35	-11.5441214458177
-1.34	54.7536213870745
-1.33	-5.78603024756651
-1.32	-3.73651799563138
-1.31	46.0569006891088
-1.3	1.74475743277062
-1.29	-41.9865417205335
-1.28	35.4459163917221
-1.27	-28.9916975526418
-1.26	-10.165624177766
-1.25	52.5885518309897
-1.24	-7.17755646321426
-1.23	3.73702437046396
-1.22	-38.5657060159176
-1.21	-14.2188791734992
-1.2	42.5567071007164
-1.19	45.4257554756204
-1.18	-13.1027707098568
-1.17	18.802862655526
-1.16	-16.9255887079116
-1.15	9.18518361231725
-1.14	-42.2403821007645
-1.13	-24.1378799141551
-1.12	-5.68820450394446
-1.11	-8.83656942910196
-1.1	23.2671964267644
-1.09	3.9023566603842
-1.08	-25.424577540944
-1.07	-22.2391077378023
-1.06	19.3484025118993
-1.05	-17.9726036207172
-1.04	48.0684020001209
-1.03	24.7003864590652
-1.02	32.834814631971
-1.01	0.262000853967565
-1	25.9213599300886
-0.99	-35.6090924152811
-0.98	27.0749553576958
-0.970000000000001	-38.563577267987
-0.959999999999999	-24.5558268728099
-0.949999999999999	35.4130628811169
-0.94	41.9100000023208
-0.93	50.6584582723071
-0.92	-34.9952130482747
-0.91	-27.9023749375726
-0.9	-10.8439182163149
-0.890000000000001	43.5238250041476
-0.879999999999999	-31.333635858524
-0.869999999999999	53.2695182145772
-0.859999999999999	0.573517295666693
-0.85	12.6122270146369
-0.84	54.3234712062572
-0.83	40.4369881600515
-0.82	26.5296876173487
-0.81	2.6145685383283
-0.799999999999999	35.9071977651888
-0.789999999999999	-32.0394117349857
-0.779999999999999	37.4976846357815
-0.77	45.3046919780217
-0.76	-28.3923854893462
-0.75	4.41658092035497
-0.74	-27.1908533725143
-0.73	-44.3737585958745
-0.720000000000001	33.3209778635712
-0.709999999999999	37.8433358673912
-0.699999999999999	25.064644893635
-0.69	49.6562745680151
-0.68	48.8874202551355
-0.67	-20.7720634922699
-0.66	-41.8118014682681
-0.65	24.2491004011573
-0.640000000000001	5.38086703613695
-0.629999999999999	18.27749007441
-0.619999999999999	-29.8751705376115
-0.609999999999999	21.1370271593298
-0.6	-29.6566009059255
-0.59	-41.8084167289213
-0.58	-22.1549767680702
-0.57	-26.5272540838924
-0.56	-18.8372234358846
-0.549999999999999	-37.0443308136102
-0.539999999999999	2.80689902073773
-0.529999999999999	41.6939266602955
-0.52	-17.2215747150761
-0.51	50.3965880298573
-0.5	45.1799080489893
-0.49	44.5435163606627
-0.48	53.2028560916881
-0.470000000000001	-4.85157883248305
-0.459999999999999	41.3502847327404
-0.449999999999999	-45.1532917371887
-0.44	34.2830131209079
-0.43	33.0310146592113
-0.42	21.4887918831879
-0.41	-2.1046960565326
-0.4	-33.5665417725313
-0.390000000000001	-33.5200781297326
-0.379999999999999	54.5073801776461
-0.369999999999999	4.7972358935039
-0.359999999999999	-36.4270410555968
-0.35	-1.21591523591825
-0.34	23.7524313951484
-0.33	-4.63218760621815
-0.32	-25.3810734907079
-0.31	29.9123784323865
-0.299999999999999	-38.9006420612391
-0.289999999999999	-32.9101622260546
-0.279999999999999	-21.3971225047473
-0.27	17.4230567795579
-0.26	-15.1914063363352
-0.25	55.8240356847937
-0.24	36.9420838605128
-0.23	36.7677324199932
-0.220000000000001	-11.2772667393219
-0.209999999999999	7.81505468737593
-0.199999999999999	45.7930942563579
-0.19	18.6971823752158
-0.18	-44.160369403603
-0.17	-38.8456601447657
-0.16	-25.8272138589522
-0.15	48.9042325348646
-0.140000000000001	-16.4847471119733
-0.129999999999999	25.9992926021728
-0.119999999999999	-41.5735499549831
-0.109999999999999	-43.4774103676334
-0.0999999999999996	-35.1535065330205
-0.0899999999999999	-35.8147398837527
-0.0800000000000001	43.669751385131
-0.0700000000000003	-18.3523670853463
-0.0600000000000005	-14.2205748507338
-0.0499999999999989	29.5296558077345
-0.0399999999999991	-3.54121564070882
-0.0299999999999994	-27.2477664183043
-0.0199999999999996	42.705722257485
-0.00999999999999979	19.1193128707094
0	25.3414259403589
0.00999999999999979	48.2940388330619
0.0199999999999996	49.5552420824601
0.0299999999999994	-42.672649813419
0.0400000000000009	0.127086921178713
0.0500000000000007	7.51131476296364
0.0600000000000005	-22.3113289709451
0.0700000000000003	-29.1730512795466
0.0800000000000001	12.6636886443828
0.0899999999999999	-16.3391198291031
0.0999999999999996	-18.0529187303055
0.109999999999999	42.3186714705856
0.120000000000001	-38.7594274258218
0.130000000000001	11.4653424495588
0.140000000000001	48.0217898049673
0.15	-33.771950794792
0.16	7.67099767350212
0.17	50.8573903386239
0.18	22.9728852322175
0.19	36.5366310407282
0.200000000000001	-16.17515696302
0.210000000000001	-14.4265100827805
0.220000000000001	-20.9132426943809
0.23	-14.908912815922
0.24	29.2685411248206
0.25	-31.9385699425602
0.26	9.39922891557852
0.27	47.6218170399784
0.279999999999999	41.2829811080884
0.290000000000001	40.6333959916682
0.300000000000001	9.53977221055538
0.31	-25.8252577842668
0.32	-36.9832090438744
0.33	-26.07421011484
0.34	-28.0634957484449
0.35	-22.319406329823
0.359999999999999	40.5661450041729
0.370000000000001	49.0563913395241
0.380000000000001	55.9472174940225
0.390000000000001	35.2110586943211
0.4	55.561690945887
0.41	49.6300857029487
0.42	9.74912802592408
0.43	-35.1569840412093
0.44	-34.6284103362583
0.450000000000001	42.3764969053024
0.460000000000001	-10.1829526684245
0.470000000000001	-7.21262205987439
0.48	-5.89222222447339
0.49	-1.27192258900861
0.5	13.5502661331679
0.51	-20.9768970285098
0.52	41.3876989183027
0.529999999999999	-34.4071866667968
0.540000000000001	-32.4009520385538
0.550000000000001	38.7964936802356
0.56	45.1512288187292
0.57	-38.9166859461304
0.58	46.5915739592863
0.59	21.1083879286778
0.6	-19.6444723465478
0.609999999999999	-11.3814234254617
0.620000000000001	-33.3859251205837
0.630000000000001	61.0749255951908
0.640000000000001	50.045005206074
0.65	36.7624322923266
0.66	30.8991770874752
0.67	14.6240076883656
0.68	-19.0347006476107
0.69	53.1663809654656
0.700000000000001	13.9494608122093
0.710000000000001	14.0411080116902
0.720000000000001	-29.7008181929315
0.73	10.3319542338589
0.74	-13.731743376677
0.75	5.66145014006383
0.76	9.42620062646083
0.77	20.0981286692452
0.779999999999999	25.5376464064916
0.790000000000001	26.0982936758443
0.800000000000001	-10.6519556504741
0.81	55.9548476230174
0.82	-21.9691278733517
0.83	-25.0239680575821
0.84	-23.9406874981393
0.85	-34.1436209314163
0.859999999999999	-13.0830947115228
0.870000000000001	34.8960982899771
0.880000000000001	4.96421894074225
0.890000000000001	-5.85126942858953
0.9	-21.4694399950571
0.91	31.5233254792591
0.92	11.8467331883818
0.93	9.30166962445674
0.94	29.1535497033522
0.950000000000001	43.6963224207538
0.960000000000001	5.07551490135087
0.970000000000001	60.5338625285039
0.98	3.05386261151072
0.99	-11.0913650446446
1	57.1911816856599
1.01	41.2092876165766
1.02	35.5728781011009
1.03	56.1625647008414
1.04	55.5314462932883
1.05	15.7775487803907
1.06	-27.6652482510874
1.07	26.1303019268439
1.08	65.1279829097558
1.09	32.3743251656697
1.1	10.7630022210508
1.11	54.7685742859408
1.12	14.4143860750871
1.13	43.0935112832411
1.14	41.7297557150401
1.15	60.442280802557
1.16	5.83928281704126
1.17	-28.3226474943184
1.18	46.7708959348042
1.19	22.5396921272138
1.2	27.427724635209
1.21	33.8657101146113
1.22	39.0456238371624
1.23	38.7784924990206
1.24	64.5739578413782
1.25	33.4947384395014
1.26	43.9130162112366
1.27	46.7328331644368
1.28	11.1730737690752
1.29	-3.92625745940732
1.3	3.36836442330134
1.31	25.0939111201719
1.32	46.9575581374007
1.33	27.6565500041421
1.34	-12.4514864930107
1.35	-20.2818437228268
1.36	39.7843354863519
1.37	29.3851144158362
1.38	50.4299629461776
1.39	-7.14397822377324
1.4	61.2838129013912
1.41	39.573668102776
1.42	51.989713872264
1.43	51.7051740344154
1.44	2.38833154665845
1.45	-21.7995691214711
1.46	-24.4723058029098
1.47	23.2946444154442
1.48	13.1002487284026
1.49	0.5081820963679
1.5	-5.31330307342292
1.51	9.20286588303505
1.52	65.3756869848977
1.53	40.3610559461976
1.54	15.29171902663
1.55	70.2092872813191
1.56	8.53254299683155
1.57	33.9576444311393
1.58	-9.77773134107392
1.59	21.1317129827584
1.6	-7.56005910611884
1.61	71.5651790219062
1.62	28.3738265030744
1.63	32.6251853494917
1.64	48.4386423525542
1.65	-1.83761060508388
1.66	64.5459815745806
1.67	-15.417912568496
1.68	-18.1541732948713
1.69	66.6842996203854
1.7	51.6892134694598
1.71	-19.0104132204378
1.72	23.2146591645731
1.73	-8.62216045481069
1.74	-21.0123815879335
1.75	24.6598053448066
1.76	31.2722482011799
1.77	-25.5925112666201
1.78	17.6940857863866
1.79	14.0612871782377
1.8	2.48474649426478
1.81	21.3387765839608
1.82	5.19518919473086
1.83	-9.97968214867604
1.84	47.7750579549352
1.85	58.2672757762743
1.86	-9.26899686394622
1.87	-22.8671294719751
1.88	41.4704117672399
1.89	-5.40921069050159
1.9	22.6379522475297
1.91	49.5081324882501
1.92	8.0072472285768
1.93	14.6166639109335
1.94	10.2868569135932
1.95	5.31035750853311
1.96	-3.90296487882668
1.97	49.8730936852641
1.98	66.7907619132809
1.99	-2.35540039306639
2	75.3438872094969
2.01	53.7559770673775
2.02	9.55986788745935
2.03	-12.864703877664
2.04	-7.86314431112875
2.05	6.91940480131261
2.06	28.7467849744216
2.07	38.0821749149117
2.08	40.5223423362256
2.09	-10.935655168194
2.1	35.8137619203403
2.11	0.924695108273134
2.12	68.1312875436663
2.13	-2.44245830412699
2.14	39.6747899020181
2.15	28.1198677711464
2.16	7.50177468149835
2.17	13.3018866770678
2.18	72.6794609494095
2.19	56.616896210113
2.2	26.3192685887098
2.21	54.8791431356306
2.22	-0.465207535787531
2.23	46.1332033873012
2.24	3.61722712813085
2.25	73.3731270839609
2.26	3.50640962151971
2.27	15.3654098008586
2.28	28.3473437548337
2.29	56.3046792888376
2.3	56.6337911888767
2.31	27.7869267488906
2.32	68.7988668134126
2.33	-2.49361369278672
2.34	6.01121522295012
2.35	74.8543392808792
2.36	58.6066322583367
2.37	8.95831380265485
2.38	17.4863266414185
2.39	62.2796637934334
2.4	11.0739563611404
2.41	84.5066917386041
2.42	32.1459024949815
2.43	4.06440551006169
2.44	28.6712557220777
2.45	11.94149278305
2.46	57.5805923862597
2.47	37.6764665888198
2.48	74.01163888399
2.49	27.4197432197505
2.5	-0.0156948209691024
2.51	83.8248649687005
2.52	25.1879682939406
2.53	41.9122176912626
2.54	21.1400216333174
2.55	-2.63267648369362
2.56	70.6321654860571
2.57	49.4593956528235
2.58	62.6856167350833
2.59	31.231637975762
2.6	28.1289672928103
2.61	77.9090778107101
2.62	7.02421783696757
2.63	53.1563426484204
2.64	16.8352405968444
2.65	61.2985954404598
2.66	40.7655069898342
2.67	10.4809053386551
2.68	85.2376266239432
2.69	34.3244579720778
2.7	6.01752475835211
2.71	83.2921007143135
2.72	74.4011912347967
2.73	67.2929794453979
2.74	68.3379890112194
2.75	66.1869892490883
2.76	36.4963655500364
2.77	-4.56683711781363
2.78	-1.20806751388641
2.79	66.0668864683248
2.8	50.1132393222162
2.81	15.5120319660436
2.82	48.6896951496357
2.83	5.02985822720048
2.84	5.01193228854639
2.85	52.0103595338164
2.86	50.2648489167295
2.87	75.4903956753834
2.88	81.0478170761021
2.89	63.2484953436499
2.9	55.9760119068606
2.91	90.8915228077354
2.92	66.7132000683881
2.93	3.38994601657792
2.94	70.473575673717
2.95	6.38810998381228
2.96	92.3669732782374
2.97	94.6384916041474
2.98	28.4226257621672
2.99	79.6021163839776
3	54.5335427533771
3.01	85.2026470432351
3.02	9.79442933447807
3.03	63.6448586952465
3.04	22.3269366832022
3.05	73.5610078202825
3.06	9.76526097060354
3.07	54.1966053028763
3.08	10.4992959849
3.09	14.5965926387306
3.1	13.6339109398268
3.11	37.2581621889967
3.12	88.0525626342553
3.13	68.0595004581095
3.14	76.8032893094597
3.15	-0.284257946643336
3.16	77.0511758522717
3.17	91.381872939062
3.18	72.6669445581073
3.19	57.738178251202
3.2	42.3173636054517
3.21	40.8491574658221
3.22	65.0018689297609
3.23	0.250463166568728
3.24	97.0826349404378
3.25	77.4066463149635
3.26	17.200790561041
3.27	19.5744945505361
3.28	87.4976112277153
3.29	5.48973847122078
3.3	46.5366884169876
3.31	13.5989405646885
3.32	48.812277199341
3.33	56.303488980294
3.34	21.907804065042
3.35	81.6778029706046
3.36	50.4431911846527
3.37	55.97907162374
3.38	19.0026163798868
3.39	19.4167456686427
3.4	6.04162380410216
3.41	73.3117617133749
3.42	68.4131860870893
3.43	56.2435687482489
3.44	6.05828744081285
3.45	41.8512026985216
3.46	21.1138134140371
3.47	28.8697034225646
3.48	8.01665607244282
3.49	34.4210273610284
3.5	77.9654718207698
3.51	7.60016845109364
3.52	14.6157513470367
3.53	80.7480581305267
3.54	91.9747942333911
3.55	104.152209899122
3.56	54.2914591118437
3.57	89.4560415756286
3.58	91.0398844309631
3.59	53.9347834542909
3.6	79.3553710238283
3.61	29.2889196477242
3.62	48.9123209951421
3.63	95.78361737399
3.64	77.4664846079378
3.65	57.8120067020059
3.66	17.5394513576746
3.67	93.3333287854623
3.68	11.2463445853501
3.69	105.160131929867
3.7	20.4174858256701
3.71	101.629167044373
3.72	81.4943159883979
3.73	29.0316659278952
3.74	51.4789933987102
3.75	68.1536766470561
3.76	37.2432503214437
3.77	13.6499145513955
3.78	15.1227788506627
3.79	30.3207317130975
3.8	110.969087377561
3.81	49.727680211456
3.82	29.7425674350917
3.83	103.13912728749
3.84	94.6643030478357
3.85	57.3520305675356
3.86	83.3417354484742
3.87	91.3310237777315
3.88	64.0001293662515
3.89	73.1250139470326
3.9	63.8049570876355
3.91	112.357165228144
3.92	46.929826838089
3.93	60.5705125341233
3.94	119.784132694605
3.95	119.334340646716
3.96	88.0967980193055
3.97	46.7454333192142
3.98	77.361026332483
3.99	92.7979166336554
4	96.5961929120537
4.01	38.3919671016365
4.02	107.107267009051
4.03	115.306520814423
4.04	47.0835904350473
4.05	99.7613561572694
4.06	30.0071043697461
4.07	89.8356138235495
4.08	75.3504836893583
4.09	70.7970082980372
4.1	79.8818798640131
4.11	69.8959763488399
4.12	77.6966490325459
4.13	28.6917975697404
4.14	123.06753655864
4.15	29.8469773350353
4.16	44.0155893055156
4.17	63.7903898561156
4.18	27.7244748922954
4.19	75.3004800475013
4.2	81.8930926468614
4.21	107.656165024631
4.22	120.454561044412
4.23	29.0543327065885
4.24	77.6006016328059
4.25	112.208506671189
4.26	41.0312729862563
4.27	118.520779668437
4.28	99.4308553989227
4.29	102.009579588644
4.3	109.51655386802
4.31	116.161145910885
4.32	31.22553437144
4.33	52.1952823395094
4.34	53.2271567889211
4.35	57.8058450195634
4.36	130.32992322485
4.37	126.280369916353
4.38	55.5125639753431
4.39	36.5811741716589
4.4	106.114384966201
4.41	101.527443368895
4.42	101.799604305014
4.43	106.025825190785
4.44	74.3192910594431
4.45	50.8610429140831
4.46	37.7822003462016
4.47	72.6932958052169
4.48	75.2557752918659
4.49	47.0919665714929
4.5	115.176320206399
4.51	63.0643881202522
4.52	130.672754406662
4.53	95.219213877736
4.54	127.285403684656
4.55	99.1064861409986
4.56	116.712436630074
4.57	67.695935139322
4.58	125.648134359883
4.59	70.5218354075895
4.6	43.3994976636924
4.61	134.782728577375
4.62	71.9539921534186
4.63	73.3651375000704
4.64	105.187594026401
4.65	86.1138776310072
4.66	72.4992321199867
4.67	44.1014440751444
4.68	129.504995554002
4.69	84.0765530647153
4.7	98.3572828304121
4.71	121.398199553104
4.72	76.8165813286006
4.73	62.5668356051629
4.74	99.6521578824708
4.75	55.003062568938
4.76	52.8913615070684
4.77	51.6147632991138
4.78	91.9155094020542
4.79	61.4989248700352
4.8	121.681022973662
4.81	131.766014025064
4.82	71.8002713851144
4.83	135.499919577421
4.84	81.1782624290031
4.85	108.144556985349
4.86	97.0847998911987
4.87	134.912036433783
4.88	112.72411135834
4.89	75.3901288646623
4.9	147.861279953686
4.91	143.988873029979
4.92	128.95539813271
4.93	78.2191817809575
4.94	84.7106894907336
4.95	125.369768146156
4.96	118.411501918306
4.97	110.245622121503
4.98	133.11408010064
4.99	101.104454912871
5	87.0297038392625
5.01	127.40687830065
5.02	120.483373592622
5.03	97.1433171293725
5.04	140.511239000325
5.05	82.5780395351953
5.06	104.141309191257
5.07	55.1236398864336
5.08	83.156018914526
5.09	83.7120108559824
5.1	149.030459847748
5.11	101.4600572975
5.12	57.5901505784843
5.13	118.392443921483
5.14	70.3313825989837
5.15	81.4292660861925
5.16	84.7005556470715
5.17	93.9163710572375
5.18	80.5080189176754
5.19	75.6457403059677
5.2	92.0440271597861
5.21	137.800410722276
5.22	97.4454155563451
5.23	105.338937312423
5.24	114.564469370343
5.25	70.5401729212634
5.26	96.7788775572069
5.27	78.450590753638
5.28	103.795902357323
5.29	81.2137634027581
5.3	91.1610755939809
5.31	77.9041111727117
5.32	136.705877417457
5.33	136.770138569946
5.34	158.951513532849
5.35	146.13504466225
5.36	164.135815042764
5.37	79.1641633385065
5.38	130.014691130508
5.39	141.189677338911
5.4	142.301690335177
5.41	101.488487957263
5.42	85.7504753872049
5.43	107.941991541509
5.44	117.998507193499
5.45	135.628519659393
5.46	160.501557527332
5.47	99.2820546891501
5.48	144.71437723083
5.49	154.786008431678
5.5	102.669368862206
5.51	98.7031178340146
5.52	125.776497998224
5.53	166.077712450201
5.54	140.932301214004
5.55	132.431213747646
5.56	152.360113720854
5.57	121.740617723543
5.58	110.166376906045
5.59	77.4533194794282
5.6	171.890803716405
5.61	79.3720703687531
5.62	100.204857262328
5.63	145.502885054436
5.64	150.673915094036
5.65	99.2741580743394
5.66	117.637754237334
5.67	150.747132237499
5.68	96.2286019542015
5.69	134.561972570434
5.7	174.202203597204
5.71	128.871895575441
5.72	77.5845512784452
5.73	90.296089339214
5.74	139.864379482359
5.75	154.288742379792
5.76	152.474789011608
5.77	91.4829447756936
5.78	166.923199858296
5.79	155.494173306641
5.8	178.559237587186
5.81	106.823624666701
5.82	128.923055569413
5.83	138.031070114113
5.84	130.17411395843
5.85	174.285829362147
5.86	134.118078089991
5.87	160.915407330297
5.88	99.4105186701459
5.89	144.320598713997
5.9	91.8171816635065
5.91	174.457268333267
5.92	121.744538474508
5.93	129.223677309113
5.94	111.287106861063
5.95	171.775215301309
5.96	106.64988554869
5.97	138.292014079184
5.98	185.232670426538
5.99	184.194673828064
6	146.592007181719
6.01	168.159095361613
6.02	93.2263481239941
6.03	134.190863486111
6.04	150.027281546533
6.05	184.744229761466
6.06	141.958594431597
6.07	105.262850484953
6.08	180.778567252846
6.09	182.019931662261
6.1	168.956949400978
6.11	156.561966337902
6.12	163.890794616057
6.13	137.031420223669
6.14	167.241130262727
6.15	130.574524773675
6.16	125.034817748126
6.17	178.393063436077
6.18	104.63492849199
6.19	165.980257327415
6.2	142.730228847992
6.21	190.716451747649
6.22	113.053690727321
6.23	119.828649051359
6.24	126.179185983073
6.25	106.219244575453
6.26	192.678273441192
6.27	114.490858778239
6.28	171.892825963916
6.29	170.746312105802
6.3	137.437735020088
6.31	105.655462789119
6.32	144.753140950447
6.33	124.759629795597
6.34	142.628292716422
6.35	128.962549523418
6.36	105.827888426779
6.37	200.741138695223
6.38	163.351672320774
6.39	144.336941434348
6.4	130.364329363675
6.41	114.513403597096
6.42	149.668539334537
6.43	130.514473838043
6.44	106.292534376868
6.45	121.727318567401
6.46	202.099248750305
6.47	163.245611715727
6.48	127.087170708592
6.49	206.134632848751
6.5	142.473716062633
6.51	112.258536276807
6.52	127.116709881817
6.53	148.448891029173
6.54	212.070410994347
6.55	155.665143379419
6.56	179.941132782484
6.57	137.376170495043
6.58	185.833626611193
6.59	187.754652736568
6.6	161.712147400349
6.61	171.977280020519
6.62	193.83229571436
6.63	177.213485868022
6.64	176.265344376657
6.65	149.665530233423
6.66	130.141527162632
6.67	174.844421730951
6.68	179.348954770848
6.69	168.742745187417
6.7	184.061068914866
6.71	166.011211592552
6.72	174.653724386817
6.73	140.838311044449
6.74	155.791501815427
6.75	140.337547190509
6.76	164.7312788232
6.77	150.390260697266
6.78	138.136069069335
6.79	128.633840903147
6.8	200.15794308742
6.81	220.970484463058
6.82	189.711491756081
6.83	134.175367927125
6.84	142.543815108599
6.85	214.478187088571
6.86	182.67305322308
6.87	194.073946790378
6.88	179.968868885387
6.89	213.544004778163
6.9	177.430385498963
6.91	127.439223048569
6.92	168.847359872975
6.93	141.977355091378
6.94	223.047267247239
6.95	177.744179459614
6.96	199.328776633652
6.97	176.152487309408
6.98	201.701308521939
6.99	217.422513283216
7	171.715701821434
7.01	174.657626873773
7.02	181.150958936188
7.03	175.040652265001
7.04	199.443679029917
7.05	198.044916737831
7.06	184.638233775496
7.07	183.511647285119
7.08	208.415425646838
7.09	171.397579049027
7.1	220.29303730288
7.11	232.019877833009
7.12	179.773505926957
7.13	137.567118144676
7.14	140.778873749085
7.15	224.377146104862
7.16	234.116099902763
7.17	234.641362408037
7.18	200.631082217409
7.19	214.837039460519
7.2	193.764802093174
7.21	188.468641524451
7.22	181.541926196349
7.23	171.370200805029
7.24	170.482122993871
7.25	218.785707168525
7.26	173.019515073655
7.27	191.040375528019
7.28	180.626421393253
7.29	236.554772014849
7.3	198.536509244375
7.31	228.807198064316
7.32	168.230302468302
7.33	238.130530309028
7.34	238.919559674535
7.35	179.671807770423
7.36	215.8982218725
7.37	206.421933500574
7.38	154.606011312157
7.39	190.72759881866
7.4	216.068570708933
7.41	233.137996013807
7.42	178.089805552637
7.43	234.665756393909
7.44	226.561771535611
7.45	169.761456923595
7.46	203.000929771511
7.47	167.850087180996
7.48	205.590771271969
7.49	185.512973694731
7.5	211.789096910092
7.51	206.409306331152
7.52	169.581859088223
7.53	204.548371480991
7.54	227.851265871835
7.55	194.655159933815
7.56	193.684780667725
7.57	259.086435855184
7.58	212.138390162852
7.59	197.56856875291
7.6	167.476323298509
7.61	226.517892172642
7.62	187.476406756355
7.63	204.942719019265
7.64	219.439105735322
7.65	216.432509346641
7.66	254.502762265393
7.67	215.550101902523
7.68	225.873914632447
7.69	181.650231478739
7.7	257.230197896228
7.71	178.613229027604
7.72	215.682333557004
7.73	187.333782493896
7.74	244.54349445559
7.75	212.952517353117
7.76	176.25833275136
7.77	205.664918362674
7.78	182.529761650052
7.79	214.726354309617
7.8	259.974044752489
7.81	268.383464953528
7.82	213.331837404165
7.83	181.868450316366
7.84	271.49844436708
7.85	239.654799892369
7.86	245.08926189576
7.87	224.541184322882
7.88	201.143895355142
7.89	182.643706568216
7.9	275.955157348808
7.91	206.151502666037
7.92	227.283586722129
7.93	270.463700570951
7.94	254.029565643492
7.95	223.16082928873
7.96	252.176391366803
7.97	267.177459722672
7.98	248.180531654873
7.99	239.129520265694
8	181.158248833462
8.01	238.179106031359
8.02	267.828104035016
8.03	212.42593507977
8.04	264.27818789539
8.05	266.898568449969
8.06	215.167265398661
8.07	229.242483817492
8.08	262.892214542758
8.09	194.44919717438
8.1	225.758022215205
8.11	228.590536966299
8.12	257.012441161085
8.13	193.34587113037
8.14	270.83169569638
8.15	193.081455844394
8.16	230.757545796833
8.17	232.225127714006
8.18	279.68934708102
8.19	278.267846268057
8.2	210.975488851317
8.21	280.875512146285
8.22	213.800511286499
8.23	293.202489559764
8.24	231.816243886818
8.25	261.398600637992
8.26	245.86716822683
8.27	255.201790230777
8.28	262.097402444701
8.29	274.675980498702
8.3	201.109980564906
8.31	227.567851054632
8.32	208.739266230672
8.33	205.044205701553
8.34	278.794849480201
8.35	273.062540506466
8.36	213.893548443071
8.37	212.587575555672
8.38	202.322469675601
8.39	281.58796959113
8.4	232.548670101632
8.41	229.575218584543
8.42	216.885145349662
8.43	257.782887621973
8.44	288.94579690889
8.45	288.27294439184
8.46	285.416952020564
8.47	305.360340415208
8.48	244.576032307336
8.49	232.705516797129
8.5	215.920756347957
8.51	287.233212599821
8.52	294.871718623827
8.53	251.149727917008
8.54	288.98114194155
8.55	305.319806605548
8.56	257.090443112721
8.57	252.370029820303
8.58	239.291042615818
8.59	215.466770754787
8.6	258.234254357037
8.61	272.121908007005
8.62	309.92911967785
8.63	273.691277702489
8.64	270.376662321406
8.65	274.060134660296
8.66	248.596202190526
8.67	245.733872376413
8.68	260.012887148088
8.69	278.379625105377
8.7	282.455659369305
8.71	254.794304684382
8.72	286.880917173483
8.73	279.662004975339
8.74	247.975580432964
8.75	307.999848276725
8.76	249.357296402264
8.77	223.427740982852
8.78	261.396533181991
8.79	308.042260083187
8.8	237.711334099014
8.81	235.99953862523
8.82	296.329919271768
8.83	265.880601895943
8.84	290.035863162155
8.85	263.45372043111
8.86	291.147956010039
8.87	285.152069290279
8.88	254.486786715386
8.89	261.432344527181
8.9	291.024022674267
8.91	329.506326546394
8.92	251.379923573614
8.93	272.135219371524
8.94	241.425722241364
8.95	238.944314114867
8.96	235.287652207058
8.97	322.898181160856
8.98	278.544607830974
8.99	238.275481791906
9	234.84172364579
9.01	292.083040966339
9.02	315.09801091239
9.03	277.216758463914
9.04	333.072948172177
9.05	301.882625619266
9.06	325.537281784668
9.07	303.873259724834
9.08	305.809609554098
9.09	291.963307612585
9.1	292.577685526311
9.11	284.285719057437
9.12	330.456115921041
9.13	299.300986369578
9.14	323.542979247005
9.15	286.880192220364
9.16	326.213257677172
9.17	288.367772078783
9.18	259.67898488186
9.19	270.965926174953
9.2	328.765029064168
9.21	250.824936244494
9.22	271.726866486799
9.23	329.84959101035
9.24	306.598166929865
9.25	350.219440844468
9.26	285.806777932687
9.27	311.606707034161
9.28	328.606407703747
9.29	335.954324796372
9.3	253.66401156484
9.31	316.162602184127
9.32	337.881519915136
9.33	292.912596587887
9.34	331.483814024065
9.35	281.076510930555
9.36	293.429604192671
9.37	303.943329549182
9.38	355.15107735003
9.39	267.660357036393
9.4	285.224882063107
9.41	305.833993422996
9.42	277.508149764462
9.43	284.197354333352
9.44	347.992057953391
9.45	363.381545787789
9.46	264.870395551212
9.47	265.666372338913
9.48	309.666471213673
9.49	285.289153332289
9.5	338.948344516267
9.51	364.622336402671
9.52	344.099284537586
9.53	267.33112481209
9.54	361.890492253647
9.55	323.9585234094
9.56	278.178326872854
9.57	301.778162628812
9.58	335.585735902499
9.59	368.415123184734
9.6	366.974334847774
9.61	325.547097522162
9.62	344.389081120062
9.63	343.958949434115
9.64	310.416236744399
9.65	360.561077914445
9.66	330.867156010715
9.67	278.711101052999
9.68	330.657166409503
9.69	290.225277764738
9.7	358.623150578839
9.71	287.850466463093
9.72	360.921778243719
9.73	331.253267914379
9.74	339.279475646222
9.75	351.611686166347
9.76	294.111062105616
9.77	297.472248694196
9.78	320.499233357387
9.79	371.245789856264
9.8	338.419918751877
9.81	303.236148970723
9.82	330.859085059485
9.83	327.018131446943
9.84	298.979582165126
9.85	379.632060468053
9.86	381.899640010446
9.87	356.597289637242
9.88	294.18443716002
9.89	357.850771394255
9.9	305.29812929438
9.91	299.53590961436
9.92	381.201114573177
9.93	357.515967753523
9.94	337.397552463513
9.95	306.520347941594
9.96	309.301341060153
9.97	325.583237750001
9.98	362.716798730708
9.99	388.865387897757
10	303.38423511148
