"X"	"Y"
-10	271.062581996585
-9.99	265.563680246965
-9.98	279.117339419385
-9.97	257.448672495029
-9.96	277.570077983801
-9.95	262.511537235342
-9.94	256.791260499467
-9.93	267.711207724505
-9.92	263.375605522843
-9.91	249.936691070701
-9.9	265.355632199037
-9.89	253.044902242762
-9.88	263.911673639848
-9.87	266.159246901396
-9.86	258.239907969367
-9.85	243.702615304351
-9.84	227.487306010759
-9.83	248.660008259618
-9.82	253.074313306223
-9.81	245.691227215724
-9.8	249.664708171881
-9.79	231.643347882641
-9.78	255.700723650218
-9.77	253.897180152817
-9.76	257.047009586389
-9.75	240.703821125927
-9.74	267.603265490669
-9.73	252.089351499556
-9.72	245.970568448062
-9.71	271.686486244178
-9.7	249.910404733417
-9.69	252.676831372045
-9.68	242.068012363748
-9.67	234.837871327098
-9.66	241.534553404457
-9.65	253.648225870948
-9.64	246.141321080256
-9.63	235.318037622252
-9.62	250.81509851704
-9.61	230.847262250626
-9.6	253.242369301187
-9.59	246.33952261569
-9.58	239.070061508486
-9.57	248.714640598116
-9.56	229.504168047731
-9.55	241.881577429549
-9.54	245.831505203459
-9.53	249.61119687294
-9.52	241.730948137183
-9.51	256.641590141021
-9.5	242.408769065633
-9.49	240.151054705563
-9.48	239.415414820126
-9.47	233.509966630101
-9.46	238.307623876906
-9.45	247.702916756888
-9.44	234.470029886723
-9.43	240.769061759053
-9.42	242.170184221733
-9.41	235.762831075531
-9.4	224.298257131743
-9.39	235.243484763418
-9.38	223.839609551486
-9.37	233.739751712825
-9.36	241.912018746621
-9.35	231.680230118371
-9.34	217.011653045917
-9.33	233.006919681287
-9.32	223.936222745981
-9.31	227.526541536999
-9.3	228.60938482235
-9.29	226.540705403038
-9.28	232.47855535443
-9.27	242.750521333755
-9.26	231.141868877422
-9.25	226.038796154871
-9.24	215.940816557863
-9.23	232.84245571428
-9.22	224.080432082263
-9.21	229.348916143851
-9.2	226.035553979685
-9.19	216.352781398673
-9.18	236.705010386195
-9.17	229.662234503006
-9.16	234.253301753852
-9.15	213.842404983153
-9.14	216.545932071813
-9.13	237.602983949449
-9.12	220.485336152521
-9.11	221.468535887194
-9.1	212.297111524229
-9.09	222.635486367484
-9.08	214.978884788093
-9.07	215.037805295514
-9.06	214.177918465973
-9.05	186.902338799981
-9.04	208.638761276598
-9.03	201.967717173089
-9.02	224.085347559052
-9.01	214.195728994118
-9	220.939428700322
-8.99	235.772731368497
-8.98	227.278660671322
-8.97	200.795893137964
-8.96	217.380624722916
-8.95	208.533820012439
-8.94	217.359916410976
-8.93	217.580398481596
-8.92	207.293269052759
-8.91	202.805388540991
-8.9	219.609883429744
-8.89	220.896222831759
-8.88	202.2626333065
-8.87	193.608633684384
-8.86	214.956133369293
-8.85	210.235699854876
-8.84	205.692039740124
-8.83	221.674218752629
-8.82	220.330280196209
-8.81	207.671382125877
-8.8	217.342271647372
-8.79	218.280217564605
-8.78	209.998867798376
-8.77	215.722196853158
-8.76	196.317752880127
-8.75	206.706572792871
-8.74	205.087031230455
-8.73	187.245055680308
-8.72	188.344087701783
-8.71	200.766521666482
-8.7	193.938034510353
-8.69	197.876847526319
-8.68	194.423505961549
-8.67	213.737343977012
-8.66	190.106857520239
-8.65	209.651130942142
-8.64	184.068803194551
-8.63	192.354499898808
-8.62	191.231810100817
-8.61	197.238894111939
-8.6	200.06266082343
-8.59	186.968309104884
-8.58	210.097627354084
-8.57	193.07635104108
-8.56	190.639889130155
-8.55	190.657965343893
-8.54	185.872354323903
-8.53	184.61919943571
-8.52	193.829013271321
-8.51	182.806491377921
-8.5	202.555141544155
-8.49	200.354582466141
-8.48	199.00107974249
-8.47	191.067440436656
-8.46	195.09625268378
-8.45	189.476411826266
-8.44	172.161149127263
-8.43	182.485306851206
-8.42	189.354704905362
-8.41	198.324305408626
-8.4	194.340574872987
-8.39	169.724128689049
-8.38	201.810796601466
-8.37	180.783407527513
-8.36	179.894035784558
-8.35	181.525629501196
-8.34	187.743255206633
-8.33	169.993213826166
-8.32	150.051556142161
-8.31	187.984920956583
-8.3	188.1620009039
-8.29	191.714937433065
-8.28	167.17317150012
-8.27	181.802882728565
-8.26	193.844404663264
-8.25	165.87902046032
-8.24	186.625744382906
-8.23	172.618863576594
-8.22	180.627015557664
-8.21	171.04462379069
-8.2	178.275735670771
-8.19	175.286962583606
-8.18	176.594484412565
-8.17	178.596103970505
-8.16	164.464380594871
-8.15	171.553616351366
-8.14	176.184409429606
-8.13	169.081336985275
-8.12	148.75148206518
-8.11	164.623134458519
-8.1	192.587052916938
-8.09	181.687513513895
-8.08	179.011126868418
-8.07	180.98939432454
-8.06	166.182020507391
-8.05	155.599791503954
-8.04	167.400989659862
-8.03	154.6285770753
-8.02	173.310474261339
-8.01	160.073422574692
-8	168.908759254651
-7.99	144.979465681247
-7.98	158.095919851181
-7.97	190.664046600142
-7.96	152.908957188195
-7.95	164.111873012649
-7.94	171.570158238971
-7.93	155.99902487785
-7.92	160.638972077342
-7.91	159.103130002191
-7.9	159.079568251399
-7.89	149.923692630516
-7.88	159.740058392033
-7.87	162.749302499953
-7.86	174.134946518236
-7.85	161.949386512043
-7.84	175.284157916833
-7.83	155.571013105797
-7.82	155.771459710539
-7.81	151.928984157977
-7.8	159.717661077719
-7.79	146.807015887342
-7.78	161.921425319951
-7.77	177.897903777447
-7.76	166.062355537794
-7.75	139.320477560988
-7.74	155.520839418436
-7.73	171.715846868483
-7.72	163.942266953853
-7.71	157.962917301149
-7.7	163.458850584048
-7.69	157.236547128072
-7.68	149.616698268305
-7.67	152.998251741434
-7.66	151.584578505196
-7.65	150.794000699581
-7.64	135.547137137646
-7.63	162.479608363735
-7.62	150.270008970149
-7.61	166.608242216083
-7.6	158.749791266256
-7.59	158.793024619587
-7.58	157.744695401594
-7.57	141.49382824453
-7.56	146.197721163773
-7.55	152.957494679661
-7.54	150.772101765301
-7.53	150.408081787358
-7.52	150.188657030611
-7.51	141.614111700725
-7.5	140.172718779516
-7.49	158.995880041141
-7.48	154.554926594786
-7.47	141.955308272981
-7.46	162.080709366459
-7.45	139.762844738442
-7.44	144.389611506181
-7.43	163.282269673504
-7.42	149.358825815674
-7.41	132.064654867839
-7.4	138.555717406345
-7.39	141.449017616222
-7.38	124.494876488445
-7.37	138.958137005115
-7.36	144.946409760712
-7.35	136.69631028215
-7.34	141.875684911485
-7.33	138.808113831606
-7.32	147.395853012788
-7.31	134.6035369804
-7.3	138.768922963554
-7.29	135.929660618725
-7.28	124.264905192809
-7.27	134.328756788415
-7.26	129.660942112092
-7.25	122.132071451812
-7.24	129.755600422791
-7.23	135.984029362536
-7.22	142.625614064564
-7.21	136.551158819303
-7.2	127.456545716328
-7.19	128.711403716077
-7.18	143.32678449793
-7.17	142.049007601194
-7.16	116.681753971727
-7.15	123.291731920902
-7.14	129.112692280431
-7.13	135.130679383762
-7.12	128.617597599816
-7.11	138.638294575819
-7.1	133.852825420082
-7.09	129.170221878948
-7.08	134.940664132998
-7.07	139.765721693203
-7.06	133.113688487188
-7.05	115.145140332342
-7.04	127.227849986121
-7.03	140.165965328623
-7.02	135.158153627377
-7.01	105.821988651129
-7	136.552707254495
-6.99	123.851095550265
-6.98	131.416625736181
-6.97	123.159167793653
-6.96	120.625658048371
-6.95	116.09353737776
-6.94	122.741668740666
-6.93	127.322972657717
-6.92	140.731927949093
-6.91	131.312466308384
-6.9	126.273586468891
-6.89	134.318936768908
-6.88	121.603318652303
-6.87	120.658175054519
-6.86	126.902811433779
-6.85	107.50004478273
-6.84	132.179599531451
-6.83	119.278590460836
-6.82	116.016650091351
-6.81	124.465781723388
-6.8	126.261979958249
-6.79	116.615768446851
-6.78	117.009694560109
-6.77	118.168321243913
-6.76	120.471491672305
-6.75	130.493785246201
-6.74	112.250779941449
-6.73	122.704558997049
-6.72	131.964889573297
-6.71	120.794964568249
-6.7	106.189471778079
-6.69	104.187697104075
-6.68	98.9149941728459
-6.67	121.559666580298
-6.66	123.480038210688
-6.65	102.270634369299
-6.64	113.486569526792
-6.63	96.1967442454003
-6.62	114.089128094631
-6.61	124.614552834933
-6.6	102.527308962706
-6.59	114.280038843476
-6.58	107.000821905704
-6.57	131.710524937904
-6.56	136.358300478525
-6.55	121.529705779835
-6.54	100.944920021692
-6.53	109.149071964495
-6.52	104.05838376507
-6.51	116.243038312445
-6.5	109.210912150543
-6.49	118.818595958928
-6.48	114.976314656745
-6.47	107.752595619881
-6.46	115.961215680614
-6.45	110.631759909057
-6.44	101.916948173896
-6.43	100.704019576001
-6.42	96.6284536695865
-6.41	93.061373753959
-6.4	105.190209164686
-6.39	128.847305196062
-6.38	100.396212449467
-6.37	102.885692157498
-6.36	100.715966327197
-6.35	88.5064650788023
-6.34	117.08026555325
-6.33	106.763394684121
-6.32	105.348405037235
-6.31	107.981427189026
-6.3	92.4235244336023
-6.29	95.9852677517825
-6.28	101.694564216162
-6.27	105.987782991847
-6.26	92.1595088784076
-6.25	107.334620324798
-6.24	101.806796885709
-6.23	97.0771804408855
-6.22	84.423735605282
-6.21	101.614494713369
-6.2	104.228696285088
-6.19	112.253892862629
-6.18	91.5198096301915
-6.17	96.2970513309899
-6.16	97.9965375978629
-6.15	98.5864696788395
-6.14	116.342079026731
-6.13	75.9172154750567
-6.12	99.9356180966106
-6.11	85.2061864700259
-6.1	94.1772411640845
-6.09	92.1653522514947
-6.08	87.6877143304295
-6.07	106.835376301663
-6.06	96.9409331477995
-6.05	102.887638168033
-6.04	103.546146484635
-6.03	90.9735288671209
-6.02	102.167061838553
-6.01	97.3246366804254
-6	67.9565823879752
-5.99	84.9369759197716
-5.98	83.7466253814023
-5.97	100.35954208359
-5.96	100.873833622534
-5.95	90.3796814637667
-5.94	88.2836295246527
-5.93	95.1343801488531
-5.92	86.3468881754627
-5.91	88.414607378456
-5.9	85.7420118330724
-5.89	85.4191213424507
-5.88	82.9578200053674
-5.87	92.9100704189237
-5.86	88.1237477390097
-5.85	85.2476563084338
-5.84	109.122611278622
-5.83	95.697773394239
-5.82	89.5881025148314
-5.81	96.6926720948957
-5.8	81.3314666405336
-5.79	77.3038509412951
-5.78	92.7429351469482
-5.77	76.0993373101481
-5.76	86.1177378055459
-5.75	94.4623876993862
-5.74	91.8856287385929
-5.73	68.3422865289269
-5.72	87.9602041063083
-5.71	77.8901489791586
-5.7	77.0684127086498
-5.69	87.8358898758073
-5.68	89.9182646969621
-5.67	79.6530112593118
-5.66	69.2169202604377
-5.65	83.7038555965398
-5.64	87.9223393588967
-5.63	78.6342588768387
-5.62	78.5719769405312
-5.61	75.1327278113305
-5.6	70.9577710310046
-5.59	78.0177249447232
-5.58	81.7840904940492
-5.57	90.2385810738084
-5.56	92.599921011261
-5.55	81.1170822513155
-5.54	66.3134577495334
-5.53	74.6423684801045
-5.52	85.4062905633534
-5.51	73.9936840508319
-5.5	72.5603469310089
-5.49	73.0748227888713
-5.48	81.529704276946
-5.47	77.963537218448
-5.46	72.5612964100308
-5.45	70.0141377744759
-5.44	70.5263050235887
-5.43	68.2670404815807
-5.42	69.8149532384903
-5.41	74.4436366310915
-5.4	69.2847814761629
-5.39	66.4800925345538
-5.38	71.4532627869823
-5.37	77.4699386568775
-5.36	81.221073425693
-5.35	54.4281150863201
-5.34	70.7907464256647
-5.33	84.7297715120162
-5.32	79.9458993473027
-5.31	69.2894938647179
-5.3	65.1031010882418
-5.29	73.6918170678586
-5.28	65.400494770263
-5.27	66.9775438518161
-5.26	71.1275840663024
-5.25	61.6814405633155
-5.24	73.929181958973
-5.23	67.2737173302827
-5.22	57.1412059033457
-5.21	81.0839664617818
-5.2	67.8492404743533
-5.19	55.4724768247153
-5.18	49.4296298547259
-5.17	62.360873057746
-5.16	72.3991869150688
-5.15	54.104067612794
-5.14	66.0708754749989
-5.13	59.7584393989732
-5.12	80.3064765782791
-5.11	66.493753371943
-5.1	71.7084740930235
-5.09	60.4907180861509
-5.08	62.5512384171021
-5.07	59.243481968335
-5.06	63.1616006900051
-5.05	68.6354681952636
-5.04	72.8422486682148
-5.03	60.0328108977232
-5.02	71.9826681982969
-5.01	56.7760304131999
-5	65.0176405175338
-4.99	50.6357870281446
-4.98	75.95869902673
-4.97	55.5936419645157
-4.96	67.1245136946193
-4.95	44.7741981947224
-4.94	58.586200404314
-4.93	54.1372279912828
-4.92	58.9923812760842
-4.91	61.333229006101
-4.9	62.0751180726979
-4.89	61.159688924672
-4.88	57.785074857005
-4.87	66.0517631715748
-4.86	47.4931264841783
-4.85	46.9802640870761
-4.84	59.5149689463478
-4.83	63.3991613682377
-4.82	49.8950604987242
-4.81	59.4169158360629
-4.8	51.2678887545258
-4.79	67.800497459636
-4.78	65.1668265023813
-4.77	57.1493800302046
-4.76	46.2800444470047
-4.75	49.2096186450622
-4.74	51.8980690145094
-4.73	61.3073430875721
-4.72	53.7123014455582
-4.71	59.5048324798754
-4.7	58.811748849641
-4.69	63.5351472065042
-4.68	52.5239547827044
-4.67	57.6122690433668
-4.66	60.4969840772223
-4.65	64.0890418557889
-4.64	65.4501846960408
-4.63	48.1041039964671
-4.62	57.3442085164913
-4.61	47.8102397011713
-4.6	58.2715579633176
-4.59	43.3265913632822
-4.58	61.443966785645
-4.57	60.789760449374
-4.56	44.5019536552066
-4.55	53.7339164143216
-4.54	47.7795380438817
-4.53	55.8511978062097
-4.52	41.109733017781
-4.51	43.3895971954568
-4.5	55.0416266106421
-4.49	53.4637340829635
-4.48	59.6495312618904
-4.47	49.8115742215654
-4.46	46.1516234578736
-4.45	53.3081466795293
-4.44	51.6511693748026
-4.43	39.8306934986072
-4.42	45.5962347783106
-4.41	61.5465789400457
-4.4	33.3423142709251
-4.39	47.1734826064806
-4.38	47.0292624442485
-4.37	62.9783619515056
-4.36	48.737703562925
-4.35	20.4649051029469
-4.34	24.5541224755238
-4.33	46.3391248634779
-4.32	25.3085173684726
-4.31	47.6758376532646
-4.3	33.8624002661375
-4.29	44.900168880532
-4.28	42.0460519401199
-4.27	37.7379687554287
-4.26	62.0863861148148
-4.25	38.8494117376738
-4.24	36.142171531224
-4.23	44.516151109844
-4.22	46.8734515291684
-4.21	36.6062470176329
-4.2	45.5496515948115
-4.19	46.7629786029497
-4.18	22.2469332330282
-4.17	50.9379221377138
-4.16	51.2118315136955
-4.15	33.7331108156132
-4.14	39.4451273027103
-4.13	50.8152207805681
-4.12	46.5191495094812
-4.11	24.5943767975539
-4.1	43.2460606874977
-4.09	31.7520074568694
-4.08	46.0594906579674
-4.07	26.2237213762793
-4.06	30.1116202885724
-4.05	49.2429546216153
-4.04	27.4441896070805
-4.03	32.6431014339446
-4.02	29.538835639005
-4.01	57.485164487883
-4	42.2793912042444
-3.99	40.1987627359284
-3.98	38.6287693952325
-3.97	30.87143112784
-3.96	38.446751131124
-3.95	49.5021643299194
-3.94	24.0940935011621
-3.93	24.7370091944114
-3.92	38.0456337904374
-3.91	22.0302112854658
-3.9	35.689403172056
-3.89	38.9820371844796
-3.88	44.7528440146227
-3.87	45.9361805879966
-3.86	32.7095795149481
-3.85	37.3399783573933
-3.84	38.4140429658849
-3.83	44.7075948627411
-3.82	51.3382514940108
-3.81	39.751718726256
-3.8	36.8733402766172
-3.79	33.9134682716102
-3.78	49.0759785397941
-3.77	36.774588537749
-3.76	31.9953440908063
-3.75	36.6320341479886
-3.74	22.3128768118405
-3.73	53.3889836046874
-3.72	51.2863827410517
-3.71	38.1325846946771
-3.7	40.217255640594
-3.69	18.7436792005419
-3.68	44.1407781159701
-3.67	30.8146844664779
-3.66	41.8353452654731
-3.65	36.0290396714055
-3.64	27.9617519174849
-3.63	24.3826502436307
-3.62	58.0895192174465
-3.61	38.6680794019892
-3.6	39.5351486146467
-3.59	41.8696319082956
-3.58	26.3945883443631
-3.57	37.5036820270914
-3.56	27.9493363542877
-3.55	43.3821511530564
-3.54	29.1943906233783
-3.53	36.2355477826935
-3.52	37.2627462967794
-3.51	40.7667334844754
-3.5	36.2767279521605
-3.49	20.7747997591945
-3.48	35.5517415188845
-3.47	21.3352055341809
-3.46	21.5821948362447
-3.45	46.0658175081264
-3.44	23.2092556120341
-3.43	33.9897708361682
-3.42	25.3571195801188
-3.41	30.3469636049731
-3.4	28.9472798520211
-3.39	23.886449061336
-3.38	14.1075908525503
-3.37	41.890817207565
-3.36	20.7870576728068
-3.35	28.6539846286885
-3.34	18.2573984800457
-3.33	10.2186610281741
-3.32	27.3374000799541
-3.31	37.5811363505504
-3.3	34.1501809659886
-3.29	22.0986936569412
-3.28	30.2324290276969
-3.27	34.8785506471355
-3.26	21.0420847855025
-3.25	24.8183052688437
-3.24	21.2756224563094
-3.23	22.313316895326
-3.22	36.069120957504
-3.21	52.8870253787848
-3.2	0.850683755751788
-3.19	20.1558502344469
-3.18	31.3535365171782
-3.17	19.5008867078957
-3.16	25.2334309585344
-3.15	17.4256314109807
-3.14	27.3828620480041
-3.13	34.4371621924339
-3.12	21.3568867237616
-3.11	34.5795473887694
-3.1	21.1538233017182
-3.09	31.8100390847361
-3.08	22.4774191380132
-3.07	19.2216035592094
-3.06	21.8747653582453
-3.05	16.9033838530396
-3.04	30.795839770563
-3.03	22.7821834634162
-3.02	21.6306573966805
-3.01	24.9071122746938
-3	23.6951989664907
-2.99	23.5403523882361
-2.98	31.0302246224276
-2.97	24.3277419283492
-2.96	13.1720560976476
-2.95	26.2284018350456
-2.94	16.9957652025915
-2.93	34.4361648017027
-2.92	9.48768170188939
-2.91	38.9719096348097
-2.9	21.2500759420208
-2.89	27.6823698560727
-2.88	35.0032706124554
-2.87	23.5435028746977
-2.86	25.5665650149383
-2.85	7.05749940077416
-2.84	20.0854696051087
-2.83	25.7192182840139
-2.82	16.5839853937053
-2.81	17.8755303936071
-2.8	25.3167752476696
-2.79	20.3691802821982
-2.78	11.4774559140403
-2.77	36.3966242596519
-2.76	19.7082360647151
-2.75	15.215667258531
-2.74	15.6359589204882
-2.73	18.8404570594442
-2.72	22.1891915909833
-2.71	23.3643620513019
-2.7	5.00154199406522
-2.69	18.9107364309103
-2.68	11.6195709348552
-2.67	18.0028820624181
-2.66	19.7886623242981
-2.65	18.4122912140938
-2.64	-1.97359401635542
-2.63	13.0349883651634
-2.62	22.1185008622227
-2.61	22.3523829399026
-2.6	9.38614439429944
-2.59	30.6219794495413
-2.58	15.3762564152514
-2.57	7.98635173614728
-2.56	26.7014724665273
-2.55	8.84611741226579
-2.54	15.8849964932762
-2.53	19.931350691013
-2.52	23.2556880978613
-2.51	28.9784945877467
-2.5	19.8022858130337
-2.49	0.755862898719212
-2.48	23.0974858919676
-2.47	11.3381108586127
-2.46	23.3027839949914
-2.45	0.69018424748108
-2.44	4.82851907507408
-2.43	10.1771708439876
-2.42	19.7276231365411
-2.41	11.2459970830777
-2.4	24.9164174028945
-2.39	27.8842237886185
-2.38	12.4240220689734
-2.37	21.6530263413875
-2.36	16.9714031942999
-2.35	11.7095423878445
-2.34	14.9326894974501
-2.33	22.6844530162164
-2.32	22.7763858062606
-2.31	25.0068388959635
-2.3	15.7971804089251
-2.29	9.67526364156148
-2.28	12.965262412718
-2.27	8.63355610315464
-2.26	20.0430938081732
-2.25	19.5240072441319
-2.24	8.99944255920188
-2.23	4.96593525846097
-2.22	6.50922675716723
-2.21	25.84039049114
-2.2	-2.52159234003275
-2.19	30.2616991784056
-2.18	14.6962437701601
-2.17	30.743645940848
-2.16	-2.97147453587572
-2.15	25.6472043467583
-2.14	-0.777913217915009
-2.13	17.120615561848
-2.12	5.15902325132198
-2.11	7.37347157353019
-2.1	3.46373756935252
-2.09	28.0792600484464
-2.08	23.2445869933835
-2.07	27.1213711576774
-2.06	21.663712677847
-2.05	3.97300671400669
-2.04	10.1225133934538
-2.03	1.09988632442361
-2.02	23.6038378690192
-2.01	15.7514261836377
-2	39.4644410502165
-1.99	20.8115672641045
-1.98	26.074011392978
-1.97	19.5882243516337
-1.96	13.59852728579
-1.95	6.76024555269219
-1.94	-8.15861460739896
-1.93	20.7101577859342
-1.92	14.9019159035049
-1.91	16.64125837915
-1.9	17.3149636590371
-1.89	4.3084399637071
-1.88	30.0887159231609
-1.87	13.5939661666846
-1.86	3.47152325358891
-1.85	15.6187306072394
-1.84	6.65281820311304
-1.83	8.95002582067993
-1.82	7.03743562757955
-1.81	3.77942046346476
-1.8	7.0455830011762
-1.79	9.14751947701218
-1.78	10.7259070646307
-1.77	-0.362197660280534
-1.76	13.1849765863418
-1.75	19.5099012443124
-1.74	-0.213377412826834
-1.73	17.1778191852691
-1.72	15.7515177272586
-1.71	23.7796428710822
-1.7	8.54231186239279
-1.69	5.96818853126296
-1.68	19.2416309740769
-1.67	12.5515613464749
-1.66	10.2889958625708
-1.65	2.50272705000808
-1.64	19.700549635402
-1.63	9.86520870068495
-1.62	21.81445658201
-1.61	21.172736549655
-1.6	9.34377601809182
-1.59	-1.44812324011518
-1.58	9.24940755209037
-1.57	-2.17652261659105
-1.56	3.72555461944874
-1.55	26.3774847188251
-1.54	10.3726081329156
-1.53	-3.40818414630398
-1.52	15.7264725501886
-1.51	-6.55066970866397
-1.5	12.5035080606779
-1.49	10.0871783981688
-1.48	-1.52394982173281
-1.47	11.5328112976206
-1.46	18.9786242857226
-1.45	2.84263428417651
-1.44	15.0369942049481
-1.43	-11.3907051058338
-1.42	13.5484512672409
-1.41	-2.21945204454968
-1.4	2.36988337539097
-1.39	-5.55559499782322
-1.38	-5.3210192281102
-1.37	9.98710556734653
-1.36	-17.6139962971845
-1.35	25.7556728744148
-1.34	19.4449719725539
-1.33	16.653350449214
-1.32	10.9364219478736
-1.31	9.66636358314637
-1.3	-3.63976857221423
-1.29	9.12024870176629
-1.28	-15.6363019151598
-1.27	8.31563262093736
-1.26	15.2021654923674
-1.25	8.42286431707652
-1.24	13.5924234557953
-1.23	-2.64278158530265
-1.22	0.7762076260888
-1.21	11.5454221609902
-1.2	31.2229183856675
-1.19	4.88384767860173
-1.18	10.9953971338143
-1.17	12.872653356501
-1.16	6.13371571684344
-1.15	15.9708181944752
-1.14	7.72309406072851
-1.13	11.03043217376
-1.12	4.31614444065252
-1.11	10.0134811002816
-1.1	17.4808128087555
-1.09	5.86918378995826
-1.08	35.9715662056882
-1.07	3.14960729662284
-1.06	4.85610541854344
-1.05	1.28256882813504
-1.04	7.36810909833325
-1.03	2.54587837067313
-1.02	14.7032272652851
-1.01	6.23183904089596
-1	-6.17635133094547
-0.99	11.7586828496119
-0.98	-0.222949619598506
-0.970000000000001	-2.10232974926846
-0.959999999999999	15.1309890109422
-0.949999999999999	4.53171826175524
-0.94	20.0032786007925
-0.93	7.56794808722086
-0.92	25.0324941547008
-0.91	22.2578783435744
-0.9	-1.37831999701458
-0.890000000000001	1.65325227367537
-0.879999999999999	19.0518757825597
-0.869999999999999	7.67167060151478
-0.859999999999999	9.22406386697396
-0.85	17.9470261386974
-0.84	20.4316161390001
-0.83	13.9203078187743
-0.82	5.41543153107344
-0.81	-2.02111225950949
-0.799999999999999	14.6232198052027
-0.789999999999999	4.76984232437
-0.779999999999999	6.64910409645368
-0.77	0.280889098876826
-0.76	5.89508306840641
-0.75	9.06259098292939
-0.74	16.1682894550301
-0.73	5.49595425754159
-0.720000000000001	7.64394282227237
-0.709999999999999	-0.453265237209042
-0.699999999999999	-11.6612639252771
-0.69	4.06557189487461
-0.68	14.2584011172877
-0.67	18.837072850784
-0.66	8.63015575062137
-0.65	-9.46267570459962
-0.640000000000001	7.2251863163807
-0.629999999999999	11.1044597643389
-0.619999999999999	15.3588557159934
-0.609999999999999	-1.5476411879966
-0.6	17.2728179917674
-0.59	3.77572212314293
-0.58	3.49749881978784
-0.57	4.0586838535842
-0.56	-0.829098442614705
-0.549999999999999	15.5616912099964
-0.539999999999999	-0.593485728690903
-0.529999999999999	5.41763869504475
-0.52	-5.88639604201462
-0.51	4.80998831405936
-0.5	0.204723191350426
-0.49	8.3801229684689
-0.48	9.74728882893285
-0.470000000000001	6.04307637080989
-0.459999999999999	4.54534255423515
-0.449999999999999	-1.22584566547949
-0.44	9.76702726946379
-0.43	19.6799467609189
-0.42	9.26690179576114
-0.41	-10.0797337295812
-0.4	5.05082748438223
-0.390000000000001	10.4840029872514
-0.379999999999999	11.1841131164752
-0.369999999999999	35.0766427595773
-0.359999999999999	-12.6239057150307
-0.35	18.8345800224934
-0.34	0.348376226771253
-0.33	-7.40690290497752
-0.32	12.0355028741979
-0.31	8.66072614713053
-0.299999999999999	3.15914371895086
-0.289999999999999	6.65494818312734
-0.279999999999999	5.32890833343917
-0.27	1.97676723510329
-0.26	-7.25098367010888
-0.25	-4.61071849116081
-0.24	25.9342060988402
-0.23	-6.88577505571501
-0.220000000000001	18.9735804389995
-0.209999999999999	-0.475382705863022
-0.199999999999999	22.5263654876355
-0.19	7.21375971735868
-0.18	18.87325783031
-0.17	2.68757820839699
-0.16	-6.60650166181027
-0.15	-10.2809287656991
-0.140000000000001	4.46893871632265
-0.129999999999999	-4.38057509293779
-0.119999999999999	13.1526958655687
-0.109999999999999	6.22577416564714
-0.0999999999999996	8.67394641028022
-0.0899999999999999	2.04087633417903
-0.0800000000000001	2.51933943330034
-0.0700000000000003	3.7369955203809
-0.0600000000000005	12.7136355735026
-0.0499999999999989	0.693419279904094
-0.0399999999999991	-6.74221131757765
-0.0299999999999994	10.6476372573
-0.0199999999999996	3.45759089376912
-0.00999999999999979	2.21214132331909
0	10.7706259785146
0.00999999999999979	18.2985370157286
0.0199999999999996	12.2389847277672
0.0299999999999994	16.6697544513379
0.0400000000000009	0.0776163786495241
0.0500000000000007	9.73936239684836
0.0600000000000005	11.4038277324705
0.0700000000000003	-3.253545974937
0.0800000000000001	5.69868017375825
0.0899999999999999	9.73090330190476
0.0999999999999996	17.1430781420082
0.109999999999999	1.87744997635098
0.120000000000001	14.0228246618724
0.130000000000001	6.80311431426611
0.140000000000001	15.4716080442329
0.15	19.8783758558781
0.16	-3.19846459524708
0.17	6.45330787377631
0.18	24.3305709612867
0.19	26.8667045108487
0.200000000000001	6.58390072754667
0.210000000000001	14.4556995728733
0.220000000000001	-17.1769703799511
0.23	-2.69476448561128
0.24	13.4033893217741
0.25	25.752718559709
0.26	-5.54320254453303
0.27	16.4325325205427
0.279999999999999	3.83916633413571
0.290000000000001	5.00915158507697
0.300000000000001	-1.12765380941906
0.31	8.01875446206643
0.32	7.81611219897697
0.33	6.88184072362822
0.34	5.20346475274317
0.35	-1.81329968830352
0.359999999999999	6.22155414580666
0.370000000000001	3.54185594623498
0.380000000000001	10.7784176828823
0.390000000000001	11.8784879740146
0.4	6.67987575026112
0.41	21.9425959840999
0.42	5.93632001510362
0.43	11.4569044634221
0.44	-0.0385403690710682
0.450000000000001	24.423755063169
0.460000000000001	11.2686026830919
0.470000000000001	0.15766461254433
0.48	21.8234934166719
0.49	8.64223938205107
0.5	16.4136960690372
0.51	-2.56682588498959
0.52	-6.76614529097521
0.529999999999999	0.584639805166868
0.540000000000001	16.3621891693111
0.550000000000001	-1.03261842029726
0.56	0.0425153386078136
0.57	12.2263429692953
0.58	27.8683397090055
0.59	5.78315177689777
0.6	7.3069355187518
0.609999999999999	12.9111325026282
0.620000000000001	10.5527256813669
0.630000000000001	8.03883795557815
0.640000000000001	16.8863759119466
0.65	13.7122918317499
0.66	2.78604076497383
0.67	-10.5159028579988
0.68	-3.60888363531472
0.69	3.66935760189008
0.700000000000001	14.6064919756583
0.710000000000001	13.83948639715
0.720000000000001	-3.3738230045026
0.73	8.68988240204695
0.74	7.94566042876735
0.75	30.1154020097134
0.76	10.9012446713329
0.77	11.0040274707097
0.779999999999999	27.9522434074488
0.790000000000001	-1.49170892465263
0.800000000000001	17.2699980926996
0.81	3.83064625167295
0.82	0.980490699969002
0.83	12.8504344118481
0.84	1.49516102677324
0.85	9.2735026602252
0.859999999999999	10.9692539404236
0.870000000000001	4.82503068576058
0.880000000000001	23.7927709072223
0.890000000000001	20.7129166857201
0.9	22.9617396303862
0.91	22.1069796093001
0.92	3.91138947786401
0.93	5.26813205507627
0.94	11.007772025941
0.950000000000001	27.3038513421081
0.960000000000001	8.78039565447577
0.970000000000001	24.8509411343224
0.98	24.733273719041
0.99	12.5220965472024
1	20.5499550150843
1.01	4.01550276781526
1.02	23.377848036509
1.03	22.0624326143169
1.04	9.23784990455458
1.05	5.21838507163785
1.06	9.56551484492235
1.07	28.683514346769
1.08	26.8173246581648
1.09	3.18623327183817
1.1	16.9719278473208
1.11	10.0016087647011
1.12	15.558587492046
1.13	3.59657085518205
1.14	24.5504499476235
1.15	10.7310595696331
1.16	14.325124286308
1.17	12.4463356319789
1.18	15.3389961439311
1.19	9.22987983695814
1.2	22.3169966850446
1.21	16.3714095707234
1.22	26.1705212650399
1.23	25.3158038798225
1.24	16.0067532997392
1.25	26.3491022214278
1.26	10.9389626388137
1.27	14.5917560174587
1.28	8.26628923051685
1.29	18.0939270640664
1.3	14.5851758269723
1.31	12.7624291709078
1.32	-0.635381413396331
1.33	15.8171407869064
1.34	34.4192413177691
1.35	13.6589972047205
1.36	29.7842017477434
1.37	15.3364767011604
1.38	35.0537751737826
1.39	9.79942609990391
1.4	17.8587791045666
1.41	19.490441436125
1.42	23.5682682691161
1.43	19.7940628702804
1.44	24.8505172168553
1.45	29.3299312209735
1.46	16.8580350277044
1.47	16.60447683471
1.48	32.0334061097302
1.49	10.4225945450202
1.5	14.718467463218
1.51	18.23233166621
1.52	25.2248823237053
1.53	28.5569593983308
1.54	16.1179619955341
1.55	35.1741390602939
1.56	7.84916734876232
1.57	28.2875002572694
1.58	18.6839676262556
1.59	20.5589346483599
1.6	28.7647644101186
1.61	18.1891049796232
1.62	5.26716380532413
1.63	10.8380117039775
1.64	19.6311922491668
1.65	22.1505152377102
1.66	23.4035937467095
1.67	43.0480813391685
1.68	30.7391427842258
1.69	14.8632630954978
1.7	15.2783353855792
1.71	18.4993020715205
1.72	21.4061263180777
1.73	9.59017857120289
1.74	19.4889500553387
1.75	24.9099387913853
1.76	29.5365055494629
1.77	15.4104328702808
1.78	18.8022790083601
1.79	30.0508395601671
1.8	15.7707538044805
1.81	35.2909263216703
1.82	29.4202035092756
1.83	7.2545767285431
1.84	36.0942416171381
1.85	32.0158908829508
1.86	41.6377238677869
1.87	34.2543107642521
1.88	21.0249657311372
1.89	33.4736850825818
1.9	30.499734083496
1.91	22.9090815315466
1.92	13.2465037837569
1.93	21.8101792175874
1.94	29.0675749932501
1.95	18.6134551587772
1.96	27.1948456092525
1.97	21.115508673506
1.98	25.5000832556891
1.99	26.3549708669462
2	8.07215220475379
2.01	18.6617418339117
2.02	31.9542146190132
2.03	8.81932586379979
2.04	53.7198316610607
2.05	21.5044969326591
2.06	19.4304585596675
2.07	33.6267508023778
2.08	26.8353087168157
2.09	32.8942698085761
2.1	38.9672738701007
2.11	31.0532210030639
2.12	37.3079568469439
2.13	34.1822686510736
2.14	35.1272296434969
2.15	24.1440992731317
2.16	38.0813861601599
2.17	20.5318701069171
2.18	41.2073474870569
2.19	14.7930222237515
2.2	53.3058012288926
2.21	16.9865765799885
2.22	34.7699877235731
2.23	47.3344560215757
2.24	15.7595789790108
2.25	24.9242167392641
2.26	26.747230357433
2.27	26.4413242572713
2.28	30.6356475150057
2.29	24.2079292463908
2.3	27.3381684690638
2.31	18.5586797773159
2.32	35.7082577871806
2.33	22.0943812282969
2.34	30.2994246857862
2.35	18.9257456448232
2.36	49.2742882716159
2.37	12.8256442377019
2.38	28.7289302839287
2.39	23.0843033012388
2.4	33.2374715134143
2.41	40.7980635661208
2.42	13.3735979339165
2.43	39.9206844601951
2.44	14.3021696561504
2.45	34.4858808083967
2.46	43.2264388902919
2.47	35.3314251895562
2.48	27.7923605604838
2.49	30.8564558534687
2.5	40.9207394347929
2.51	44.975606561119
2.52	36.2294173285486
2.53	26.3025228007485
2.54	38.9996912747315
2.55	38.411346511539
2.56	25.7768416113907
2.57	46.9480500044382
2.58	30.4988580037143
2.59	38.3109447932844
2.6	21.4536801949666
2.61	36.5346300983454
2.62	16.8682543524127
2.63	24.9424631050387
2.64	37.9788754655142
2.65	46.1734128777661
2.66	33.821859407574
2.67	48.529768525319
2.68	36.9550252719698
2.69	23.9143190326611
2.7	49.8743494153549
2.71	21.5127631281387
2.72	42.7056528944208
2.73	37.1323651679186
2.74	41.9186720712362
2.75	38.522273368637
2.76	39.8885821941457
2.77	39.7868639514852
2.78	31.6560522725099
2.79	38.6486766244252
2.8	35.5191921299405
2.81	35.1299429912388
2.82	33.0565253425311
2.83	46.7763889004315
2.84	52.500484167982
2.85	48.5804109532481
2.86	46.4943134434018
2.87	43.5840962119556
2.88	40.9603750835283
2.89	34.2845896254491
2.9	50.6930157763605
2.91	52.6668410789125
2.92	48.7007844363817
2.93	49.6194276413203
2.94	54.7276798797269
2.95	49.4349012798
2.96	55.4107234423772
2.97	53.5300250625744
2.98	39.1000563769719
2.99	32.8539684329711
3	46.8557341735088
3.01	44.1757003148271
3.02	42.5691166025922
3.03	54.8323688240786
3.04	64.7859056066376
3.05	63.6269105256846
3.06	23.1766089186255
3.07	42.828174665476
3.08	38.723080995917
3.09	44.9074159830878
3.1	35.9888512592311
3.11	44.2516012138774
3.12	41.5128607508667
3.13	52.4944296640428
3.14	66.6687652021608
3.15	45.7380392563443
3.16	41.8055791098664
3.17	59.8292530950458
3.18	48.7011910810865
3.19	55.4536444197348
3.2	53.7251021436211
3.21	40.3211129386791
3.22	42.3751787092833
3.23	44.8887043900703
3.24	51.5309804587299
3.25	44.3440510341598
3.26	27.6130758369612
3.27	46.5844987562271
3.28	36.0795651294429
3.29	48.7747033793502
3.3	69.3979617542732
3.31	43.5450915617784
3.32	63.0912067624955
3.33	49.5589886572492
3.34	56.6354143878768
3.35	62.7470579564849
3.36	49.8161713445326
3.37	58.066640893534
3.38	42.1867271346683
3.39	42.2366778466822
3.4	65.9229562337734
3.41	59.3039669933628
3.42	67.0567570446277
3.43	63.8460507198027
3.44	54.2725050507267
3.45	57.9345760630316
3.46	82.5229250506221
3.47	64.0144404618998
3.48	62.6525103706596
3.49	62.2841924154432
3.5	67.0011683700266
3.51	45.2636601442257
3.52	59.2214256189929
3.53	70.4932645134109
3.54	42.7224567244467
3.55	57.2598473301469
3.56	57.9189573205395
3.57	42.0667966775368
3.58	57.0419790313011
3.59	54.3735562595575
3.6	50.6866330750182
3.61	74.4613572768995
3.62	60.6980763578424
3.63	52.2898875820773
3.64	73.5010896755869
3.65	59.406611690009
3.66	69.0414109309763
3.67	64.6520894457678
3.68	61.2322186729725
3.69	58.6252963628203
3.7	65.3787175456567
3.71	68.0987580015487
3.72	60.7989055939667
3.73	63.2839280259229
3.74	74.0186744875937
3.75	52.4497747521095
3.76	61.0654217779625
3.77	72.8871592344755
3.78	58.6212909030593
3.79	59.9513674640342
3.8	48.768560105676
3.81	60.3966318482711
3.82	59.9375876495134
3.83	68.262716686378
3.84	55.855527111264
3.85	53.26358252349
3.86	49.4728137426765
3.87	49.2665462088098
3.88	87.0458364421679
3.89	83.3813477713378
3.9	86.9189365198939
3.91	71.4615258160488
3.92	49.0564347376175
3.93	70.0093761675789
3.94	69.0199602074809
3.95	68.6045585904512
3.96	67.1549241293334
3.97	75.5705589702823
3.98	57.8063425737794
3.99	62.4793118349745
4	55.0220593204439
4.01	77.3855268827625
4.02	61.2197320394397
4.03	72.1724060958841
4.04	69.0297040633181
4.05	69.5287372875469
4.06	60.8091687011267
4.07	79.3535056554632
4.08	76.5670838825938
4.09	46.1588394228435
4.1	75.7405276743186
4.11	65.2577436575882
4.12	85.6222932646577
4.13	72.335311694482
4.14	72.0136996931873
4.15	76.0867914524441
4.16	79.3651885557438
4.17	91.3565847981009
4.18	85.7912676526482
4.19	80.7312891618654
4.2	82.4558244042413
4.21	79.7601779593171
4.22	88.9734855202401
4.23	87.5474083879558
4.24	82.8909721043226
4.25	57.618171248333
4.26	81.7867706133232
4.27	74.0307724539583
4.28	90.2743697252504
4.29	70.2079716662868
4.3	65.8640549513997
4.31	80.0165211932101
4.32	63.935030467851
4.33	86.9330748102808
4.34	77.3934375180254
4.35	79.5104247091365
4.36	75.5327050896356
4.37	74.5448994095356
4.38	88.6921126947097
4.39	85.6014165323924
4.4	91.4109939037169
4.41	90.582645723232
4.42	81.4924962102067
4.43	91.0943876448173
4.44	95.5218943687865
4.45	85.9568239635728
4.46	90.9085400363737
4.47	78.4137977538265
4.48	78.5428562771526
4.49	87.8357004594422
4.5	67.5946742589206
4.51	84.5933804639602
4.52	88.4202286272566
4.53	90.3197038697743
4.54	82.9484251299384
4.55	84.8742451120938
4.56	91.1943895170896
4.57	94.8481187905341
4.58	90.3547013325654
4.59	105.061758402228
4.6	92.1244550986911
4.61	78.6562191784409
4.62	99.0173925303251
4.63	94.6994266172323
4.64	90.2677884443517
4.65	88.8781866796794
4.66	101.98205498002
4.67	79.4899584938591
4.68	87.5699791439512
4.69	89.3580804755328
4.7	91.1453117416795
4.71	83.5099279104841
4.72	92.7837278072062
4.73	87.8732976079932
4.74	84.5269308230838
4.75	106.363952464938
4.76	93.5734325943671
4.77	100.634636916105
4.78	102.513723639753
4.79	99.1623013931226
4.8	102.927069255346
4.81	86.6423957679953
4.82	82.531401074897
4.83	89.1412581731319
4.84	93.311993101576
4.85	108.440320336052
4.86	88.0628884676188
4.87	107.90107585628
4.88	102.663622023661
4.89	106.017202281175
4.9	113.233457331925
4.91	90.2196746146831
4.92	96.0253399714573
4.93	82.6859951001301
4.94	119.705040065936
4.95	100.258960071454
4.96	110.675535113079
4.97	102.318992603739
4.98	97.3801197773255
4.99	102.9228855283
5	100.291010394032
5.01	104.089079627387
5.02	102.066398535994
5.03	103.329510013869
5.04	99.916769405665
5.05	84.9167544548305
5.06	95.9139881227786
5.07	106.468297590406
5.08	93.3480764128756
5.09	101.006166593117
5.1	99.8696900388455
5.11	100.448376251691
5.12	110.459580177812
5.13	107.309835032664
5.14	103.86440839907
5.15	114.638031812333
5.16	97.0365499688163
5.17	111.57743202084
5.18	111.292856524455
5.19	105.713499840589
5.2	98.1531288852588
5.21	97.6316782111432
5.22	115.647608833857
5.23	113.811225303369
5.24	107.177783772592
5.25	116.401537421549
5.26	109.379318321044
5.27	116.163830544571
5.28	97.8421608176293
5.29	97.5619237347603
5.3	119.769464648134
5.31	114.008147250302
5.32	122.943065236525
5.33	113.984601191829
5.34	120.376467081208
5.35	119.518939197528
5.36	98.8256628229078
5.37	111.512545210988
5.38	113.984785424962
5.39	98.2944273403851
5.4	102.882457185283
5.41	112.366753023175
5.42	114.792090701223
5.43	120.251767106325
5.44	124.039708087843
5.45	117.072967586025
5.46	119.100249352417
5.47	113.754458890247
5.48	133.512179878267
5.49	124.130117942517
5.5	99.5538521367863
5.51	121.519968611661
5.52	120.885104559464
5.53	120.03692678669
5.54	126.023341989919
5.55	110.265634349136
5.56	135.627013105792
5.57	117.760086787815
5.58	120.730961997294
5.59	139.879682001257
5.6	117.17429676277
5.61	129.732871613606
5.62	123.893684774201
5.63	126.923546480077
5.64	110.344983763702
5.65	119.822227454041
5.66	131.115595829182
5.67	136.688174655078
5.68	131.21844611449
5.69	140.391938504013
5.7	122.6114711837
5.71	135.23350769342
5.72	119.873284073708
5.73	123.050020549364
5.74	126.431545392187
5.75	136.308477875907
5.76	153.995886067833
5.77	132.620396771135
5.78	125.940136607256
5.79	114.344555917929
5.8	141.932552140115
5.81	138.376998159278
5.82	138.649064436219
5.83	145.220476542761
5.84	130.653298736293
5.85	123.50385884603
5.86	118.003045037764
5.87	136.999299607547
5.88	130.036634815927
5.89	131.289710766047
5.9	149.344407231704
5.91	137.350036132958
5.92	118.964194725794
5.93	144.323235153604
5.94	133.506442026133
5.95	156.65496593097
5.96	139.871461566089
5.97	132.491946480219
5.98	138.715628899847
5.99	140.330581297988
6	136.22570315161
6.01	142.332283451355
6.02	131.787277129657
6.03	149.27306787805
6.04	146.346005187812
6.05	146.720527181115
6.06	145.499486921866
6.07	140.37842777672
6.08	137.765986664306
6.09	142.600954764248
6.1	141.569133825535
6.11	143.095965330876
6.12	152.562199456643
6.13	148.281013955766
6.14	145.765963024844
6.15	145.544818257918
6.16	143.766782631771
6.17	142.298066657606
6.18	138.823020370829
6.19	144.133648037724
6.2	139.212441073399
6.21	141.051059430569
6.22	168.046011727257
6.23	139.660928802518
6.24	141.250208789471
6.25	151.607441636784
6.26	141.425012327634
6.27	146.517607792721
6.28	161.783686377053
6.29	160.903104226868
6.3	156.816208133551
6.31	141.004559717385
6.32	146.534894356628
6.33	162.812656804036
6.34	145.44187760768
6.35	148.376657068149
6.36	157.907796447634
6.37	159.745899293723
6.38	137.847258603995
6.39	162.053521081945
6.4	170.474513664212
6.41	151.849537947009
6.42	146.456554877592
6.43	139.642504494509
6.44	156.365082931346
6.45	141.023973456856
6.46	154.071633425656
6.47	155.935790462608
6.48	167.479797533431
6.49	161.224185504469
6.5	144.320934638129
6.51	161.809507103459
6.52	153.575440475143
6.53	160.769092292923
6.54	163.578733001176
6.55	167.168794292532
6.56	160.348689782277
6.57	166.138269181506
6.58	183.69580780743
6.59	147.973723700267
6.6	141.973096451594
6.61	159.335733051182
6.62	172.265699462485
6.63	164.868736848179
6.64	166.245094138736
6.65	171.652078294698
6.66	171.341864830465
6.67	175.441428431755
6.68	174.106051371442
6.69	168.584276251317
6.7	162.011649769548
6.71	174.762911314945
6.72	176.777627702058
6.73	156.31219852457
6.74	185.027503650199
6.75	170.670096278439
6.76	179.894295776527
6.77	183.908951307788
6.78	176.228290273172
6.79	170.6313954819
6.8	174.202307126364
6.81	169.793845788902
6.82	163.776993544932
6.83	181.244812521502
6.84	177.206118825843
6.85	175.405699958955
6.86	172.492608748469
6.87	177.75512657748
6.88	177.907950881414
6.89	177.604889294722
6.9	185.059366772265
6.91	182.784086310029
6.92	183.865089129162
6.93	165.932542157973
6.94	180.982361862347
6.95	182.29548437411
6.96	177.257022272392
6.97	183.119440967337
6.98	181.457750726492
6.99	195.585918071124
7	185.118372409943
7.01	180.235701909714
7.02	188.745727940005
7.03	175.149800038958
7.04	170.342142551255
7.05	176.88603590929
7.06	179.62831188569
7.07	181.162441180856
7.08	191.495529872011
7.09	181.9724111271
7.1	185.128625535114
7.11	187.700310142929
7.12	170.038911235901
7.13	171.490983719042
7.14	189.94526323522
7.15	191.640704278466
7.16	186.246992334882
7.17	182.450616834799
7.18	197.07514481485
7.19	196.39310460486
7.2	181.755600081916
7.21	192.767724713365
7.22	170.257710312085
7.23	174.801523621773
7.24	186.011677265581
7.25	202.652305206126
7.26	195.347179105452
7.27	197.39724823017
7.28	203.182983346109
7.29	184.503724460885
7.3	203.029526060634
7.31	192.433977700444
7.32	193.030586888666
7.33	207.867898466524
7.34	194.282107836709
7.35	198.593811301721
7.36	194.638092294507
7.37	204.053979843612
7.38	196.420000988807
7.39	201.224789079479
7.4	220.175571269704
7.41	193.071122490038
7.42	187.985482449673
7.43	205.411527674255
7.44	188.744706098438
7.45	206.548120441939
7.46	203.792301469528
7.47	180.456132039923
7.48	207.413898646942
7.49	201.075055738943
7.5	211.726563546731
7.51	200.552441284778
7.52	218.047912882427
7.53	210.858498880593
7.54	204.101670230234
7.55	210.340004543732
7.56	197.671360614034
7.57	202.340738231795
7.58	200.059043025662
7.59	208.539302185505
7.6	220.377464398634
7.61	208.859745510275
7.62	216.336979910943
7.63	221.919138961146
7.64	207.915364551781
7.65	225.167446133108
7.66	191.999980101052
7.67	202.235559345994
7.68	202.790710976704
7.69	224.406143105144
7.7	217.332695238761
7.71	218.145435770546
7.72	223.163459968094
7.73	202.261457364731
7.74	214.239018457629
7.75	217.717267032239
7.76	205.676034136545
7.77	217.73651786839
7.78	215.977013505205
7.79	226.345268116
7.8	214.350099747062
7.81	219.750116086871
7.82	228.953142414686
7.83	221.666985635254
7.84	233.588035769655
7.85	211.966947768174
7.86	228.922125773576
7.87	226.659764090457
7.88	222.191853303809
7.89	213.15324235249
7.9	236.35111283931
7.91	224.763839577221
7.92	230.093993435572
7.93	218.019940958526
7.94	229.0851237051
7.95	232.15714454774
7.96	230.383330049736
7.97	226.580812453119
7.98	229.127988522856
7.99	240.770259994991
8	233.615764977661
8.01	236.287848020862
8.02	222.248177700665
8.03	226.055524328205
8.04	219.328606643919
8.05	236.608910166527
8.06	241.653438042213
8.07	224.274009876945
8.08	231.693452852202
8.09	235.086466486106
8.1	232.577533522472
8.11	247.282875861222
8.12	245.32669386606
8.13	248.877885613398
8.14	239.7857261122
8.15	217.098649223691
8.16	248.659028143367
8.17	255.584547064011
8.18	250.378409307915
8.19	229.414338287901
8.2	223.268430532793
8.21	245.631210981741
8.22	247.135823378865
8.23	249.718805930519
8.24	249.590324743579
8.25	247.129624689391
8.26	237.637780635928
8.27	259.032543884459
8.28	257.151408456767
8.29	239.320103748583
8.3	253.254899649321
8.31	277.873883961339
8.32	238.066244366065
8.33	231.425585910437
8.34	248.941176702399
8.35	249.634411875487
8.36	250.938456704071
8.37	243.855193917232
8.38	263.696743814324
8.39	263.002916822624
8.4	262.316935311108
8.41	248.272969320948
8.42	261.390086424024
8.43	245.327747604457
8.44	250.371897964598
8.45	247.337056124867
8.46	252.764613712394
8.47	261.791401431238
8.48	263.609125289614
8.49	243.974365329927
8.5	267.604114736682
8.51	243.602966005692
8.52	244.472989610355
8.53	269.657204378553
8.54	263.856786466614
8.55	253.606695949388
8.56	260.704813045496
8.57	261.169816729914
8.58	264.89384388519
8.59	269.424790543322
8.6	268.565776967814
8.61	250.870567202553
8.62	279.044559939437
8.63	263.288194677299
8.64	256.737878134845
8.65	263.310190856181
8.66	251.778429707515
8.67	254.521653342884
8.68	289.10232782483
8.69	260.185948202805
8.7	259.476828271472
8.71	259.635277196172
8.72	264.872296858394
8.73	297.00729741854
8.74	255.187700717742
8.75	260.653404526774
8.76	270.609136208624
8.77	262.636714716744
8.78	300.03952949988
8.79	268.027087810332
8.8	269.572407711489
8.81	275.570412296439
8.82	280.28590463117
8.83	280.754937886645
8.84	273.689951798896
8.85	283.932915123146
8.86	285.786709504078
8.87	278.411988464232
8.88	269.474187061871
8.89	280.226273927083
8.9	271.423817172357
8.91	271.347745899028
8.92	271.809497696857
8.93	283.660828238511
8.94	271.725149536808
8.95	274.66330375705
8.96	274.525170205089
8.97	283.033678212918
8.98	284.935660389545
8.99	274.188533919684
9	285.750735528918
9.01	264.776214414475
9.02	293.674339182898
9.03	290.703644535637
9.04	276.615265004205
9.05	297.040231984211
9.06	285.06422727663
9.07	284.365969655237
9.08	283.530609088689
9.09	304.092732957057
9.1	290.430862426249
9.11	300.404677460763
9.12	283.326885100055
9.13	283.120620407592
9.14	297.49062106592
9.15	302.984926546585
9.16	287.895464860614
9.17	290.330244822804
9.18	295.670535556362
9.19	296.126661560501
9.2	296.08429130625
9.21	304.316051711208
9.22	308.387197115572
9.23	310.475713279392
9.24	296.620781760998
9.25	309.008219629324
9.26	307.673534725008
9.27	288.718196885833
9.28	302.603454550595
9.29	283.989994173062
9.3	306.607735245292
9.31	299.261679855321
9.32	301.30527051251
9.33	301.958698264692
9.34	296.556277966717
9.35	302.621156925178
9.36	291.808183201508
9.37	309.489026187139
9.38	313.619105018473
9.39	307.612013618117
9.4	315.825459749089
9.41	300.589414674524
9.42	312.982718169228
9.43	313.797503135248
9.44	315.342032451033
9.45	312.547186988135
9.46	313.933576845857
9.47	321.998245874224
9.48	317.268438995762
9.49	315.23908461566
9.5	338.3188682204
9.51	314.994784496729
9.52	319.397444724323
9.53	315.761650078763
9.54	319.548290462072
9.55	305.967702647267
9.56	320.618630971826
9.57	325.254151672825
9.58	325.298746069334
9.59	328.024873462271
9.6	321.596605256065
9.61	318.798340053471
9.62	322.06888507373
9.63	327.950073678119
9.64	327.991207355702
9.65	329.551502181186
9.66	327.942371954913
9.67	312.847496277253
9.68	326.432030260679
9.69	315.959865214428
9.7	314.607704449988
9.71	329.433776619336
9.72	326.349048886818
9.73	330.952706690275
9.74	334.455808454598
9.75	355.502243019237
9.76	322.874494312711
9.77	329.581847196479
9.78	347.885172532093
9.79	336.30942200629
9.8	339.786410954412
9.81	334.853873108334
9.82	339.907417156579
9.83	326.606780895458
9.84	352.709392963813
9.85	336.734458589305
9.86	339.246556655712
9.87	342.190872700689
9.88	346.326944768637
9.89	350.007131200528
9.9	330.900233948261
9.91	354.559074494546
9.92	347.404785343766
9.93	344.570062346647
9.94	342.480280131615
9.95	351.537855063478
9.96	327.604820995267
9.97	343.476698759513
9.98	349.573548330833
9.99	347.070870762763
10	347.433463690108
