"X"	"Y"
-10	252.302721481325
-9.99	277.363691427782
-9.98	254.711616641647
-9.97	271.971400096613
-9.96	262.080454969098
-9.95	268.076437313227
-9.94	276.379329934818
-9.93	272.731376936026
-9.92	276.617906018137
-9.91	274.752139059105
-9.9	246.120784049985
-9.89	270.015999559938
-9.88	254.766923712568
-9.87	250.53100497978
-9.86	260.795496162427
-9.85	249.041744962385
-9.84	254.862977458628
-9.83	247.828138541948
-9.82	272.186754421079
-9.81	249.878635834613
-9.8	241.996368992278
-9.79	258.858835613993
-9.78	253.987123601614
-9.77	244.80171622592
-9.76	261.296436454408
-9.75	241.69891669092
-9.74	256.236440294404
-9.73	256.322408240978
-9.72	239.031613376251
-9.71	243.768206478687
-9.7	263.643829341888
-9.69	244.034343326258
-9.68	240.606388148964
-9.67	242.906827719157
-9.66	243.105394418485
-9.65	233.421012194074
-9.64	257.409500031118
-9.63	237.86910791861
-9.62	239.73796319973
-9.61	240.410448707147
-9.6	239.650680004084
-9.59	241.493708908571
-9.58	240.236566633082
-9.57	256.600234293758
-9.56	258.661857167209
-9.55	249.044483183581
-9.54	250.849895706892
-9.53	225.982326127468
-9.52	233.21955189252
-9.51	229.926790313402
-9.5	223.225194160595
-9.49	247.774462668279
-9.48	244.005827311181
-9.47	239.913414727141
-9.46	224.398453243766
-9.45	245.71080411023
-9.44	237.807583386272
-9.43	246.944909628591
-9.42	248.36135880647
-9.41	227.124518116655
-9.4	227.98527530358
-9.39	230.646593714759
-9.38	231.594883484628
-9.37	228.472707598353
-9.36	233.53389495043
-9.35	233.439004836792
-9.34	238.663702280568
-9.33	223.897903407773
-9.32	216.965212906284
-9.31	239.328949602926
-9.3	233.582299180114
-9.29	232.08503714421
-9.28	223.662620593801
-9.27	235.993336310905
-9.26	222.238841466372
-9.25	234.987493761457
-9.24	233.809968845768
-9.23	212.228840520939
-9.22	221.834714507288
-9.21	238.108945464889
-9.2	228.124496596597
-9.19	232.602576328709
-9.18	238.536463052005
-9.17	217.19903803593
-9.16	206.114557795207
-9.15	231.43429557766
-9.14	218.361383322095
-9.13	208.277009655659
-9.12	219.539420939878
-9.11	218.578137269258
-9.1	205.874465785465
-9.09	217.37499684285
-9.08	212.800574995919
-9.07	213.327503089239
-9.06	214.653525904514
-9.05	204.718233674896
-9.04	204.534535270712
-9.03	229.684430006018
-9.02	215.064413207112
-9.01	227.012735509739
-9	220.713697357989
-8.99	199.536326101028
-8.98	210.446097193886
-8.97	219.245617626246
-8.96	228.528366651014
-8.95	206.32928843522
-8.94	195.251477997673
-8.93	223.198686609293
-8.92	197.456267726241
-8.91	212.527841311363
-8.9	213.38932913965
-8.89	217.54030183486
-8.88	218.620469864293
-8.87	204.869381772137
-8.86	190.420769069228
-8.85	210.879193596982
-8.84	202.029910366886
-8.83	215.923418376338
-8.82	206.809171147563
-8.81	211.275174067604
-8.8	192.906745673724
-8.79	211.290053570092
-8.78	205.320141859836
-8.77	209.835484426464
-8.76	207.790161553302
-8.75	201.8092868686
-8.74	204.143718245808
-8.73	201.984831976777
-8.72	208.386695185172
-8.71	206.979502742832
-8.7	207.308228569239
-8.69	195.318255781618
-8.68	199.879538268591
-8.67	198.359926580999
-8.66	181.729436824498
-8.65	204.607587794382
-8.64	193.59862477892
-8.63	201.208472645163
-8.62	186.317114446978
-8.61	208.056967540383
-8.6	182.027566843156
-8.59	205.190672411584
-8.58	196.899323995049
-8.57	189.582920181952
-8.56	204.586362960908
-8.55	203.660095432931
-8.54	205.074688976817
-8.53	176.546912864231
-8.52	186.372620104239
-8.51	202.448541727665
-8.5	204.137303997745
-8.49	191.612521169008
-8.48	186.274998929571
-8.47	203.221923753326
-8.46	193.71068021031
-8.45	180.334843669802
-8.44	188.932233481608
-8.43	176.064613423214
-8.42	171.215687542651
-8.41	190.253358961352
-8.4	190.629588408523
-8.39	185.386559408435
-8.38	186.716034926509
-8.37	183.455333146065
-8.36	179.561687880496
-8.35	182.035218418426
-8.34	171.147053203161
-8.33	183.373179730945
-8.32	173.611025244535
-8.31	181.009066105712
-8.3	170.533724232491
-8.29	193.097347024178
-8.28	193.493614857584
-8.27	175.610978571583
-8.26	185.201603943041
-8.25	167.315284312549
-8.24	161.31157162126
-8.23	165.001962205573
-8.22	164.440520572718
-8.21	177.975878172487
-8.2	185.010020142411
-8.19	187.736383812791
-8.18	169.622830090126
-8.17	169.133191260266
-8.16	182.839516560485
-8.15	189.080768086129
-8.14	162.391318857702
-8.13	179.205120084427
-8.12	181.667855149562
-8.11	166.911715911713
-8.1	180.40871674434
-8.09	162.384963309643
-8.08	179.674221867345
-8.07	168.832185492339
-8.06	155.606337570146
-8.05	160.605794064981
-8.04	153.462154396494
-8.03	173.443140086365
-8.02	178.84816955552
-8.01	153.45847334341
-8	178.459550946435
-7.99	172.359718773148
-7.98	178.418104491549
-7.97	159.419199825842
-7.96	164.632265163285
-7.95	150.83774939426
-7.94	163.602776313889
-7.93	168.87055480331
-7.92	148.531224533959
-7.91	154.415445214058
-7.9	173.496896243632
-7.89	163.343892003333
-7.88	159.595356162568
-7.87	165.757519067027
-7.86	153.726933107248
-7.85	167.653379689057
-7.84	170.864031923381
-7.83	164.279433748606
-7.82	171.970322067436
-7.81	155.163325282321
-7.8	143.729704838479
-7.79	174.23188841339
-7.78	163.704731932899
-7.77	172.760189308789
-7.76	170.392601652223
-7.75	169.292322532081
-7.74	153.948284499111
-7.73	147.032404557957
-7.72	158.137069376577
-7.71	142.659984470777
-7.7	169.224942089526
-7.69	161.008255815958
-7.68	160.221997722879
-7.67	152.417846321124
-7.66	162.437168464002
-7.65	167.396859765085
-7.64	137.75317775072
-7.63	158.239593208869
-7.62	159.390216730124
-7.61	157.030744230772
-7.6	153.414054522304
-7.59	152.037730970332
-7.58	163.036889360931
-7.57	143.270792884634
-7.56	154.185112559052
-7.55	149.655362261879
-7.54	156.763842220697
-7.53	155.505229667816
-7.52	143.586342652813
-7.51	141.794702677571
-7.5	141.845086129376
-7.49	129.566855425518
-7.48	137.534339296314
-7.47	149.447587072905
-7.46	153.275306426777
-7.45	156.515097157321
-7.44	150.038718243444
-7.43	134.972745172254
-7.42	152.993663513065
-7.41	146.710911051148
-7.4	125.054930201283
-7.39	145.499355117187
-7.38	143.184829029868
-7.37	126.779704634499
-7.36	152.933338303379
-7.35	148.756943733763
-7.34	138.928536728005
-7.33	145.857604228654
-7.32	142.639541948591
-7.31	121.218768278305
-7.3	124.804130518403
-7.29	153.866530350574
-7.28	139.289762418698
-7.27	127.37313505517
-7.26	144.349825998551
-7.25	137.950442069316
-7.24	139.342640325002
-7.23	124.646223387134
-7.22	123.255597922477
-7.21	150.50448859333
-7.2	133.467323315182
-7.19	137.087826036604
-7.18	133.071577013435
-7.17	143.827926924072
-7.16	134.261739024723
-7.15	141.660455068233
-7.14	131.101861111792
-7.13	136.952934789022
-7.12	121.875958795741
-7.11	124.034976677991
-7.1	143.005153637756
-7.09	126.348304971533
-7.08	116.036628984812
-7.07	115.03304297044
-7.06	129.022232437993
-7.05	131.55103033883
-7.04	143.621562658779
-7.03	115.907556299221
-7.02	126.827099683557
-7.01	137.553440364523
-7	132.868694429378
-6.99	140.037933595754
-6.98	112.851816654084
-6.97	115.872698817993
-6.96	129.18231084071
-6.95	136.040638413156
-6.94	118.567805555176
-6.93	107.375330116101
-6.92	115.910516318989
-6.91	122.357919567772
-6.9	115.513124562398
-6.89	114.811686118605
-6.88	130.509579991244
-6.87	136.097476469886
-6.86	117.027402142379
-6.85	133.491704077162
-6.84	104.019772697621
-6.83	124.910003102483
-6.82	126.597625807642
-6.81	103.172762850194
-6.8	125.789695994615
-6.79	111.454368339222
-6.78	116.489967449028
-6.77	109.723225618251
-6.76	105.521532545346
-6.75	130.47252444116
-6.74	120.349620083606
-6.73	127.66851093335
-6.72	114.994201577577
-6.71	105.66983166599
-6.7	114.698294961531
-6.69	120.390323260766
-6.68	99.0387230882405
-6.67	114.583709604822
-6.66	100.339636915772
-6.65	98.5416865594643
-6.64	104.159313736853
-6.63	100.264800436461
-6.62	110.515376553086
-6.61	127.850066278944
-6.6	108.841155676592
-6.59	108.450665410455
-6.58	102.019300144237
-6.57	119.158295894981
-6.56	104.793715522769
-6.55	93.4759379815726
-6.54	116.596192068546
-6.53	97.1536220293671
-6.52	110.615217934867
-6.51	108.195273411822
-6.5	102.757574314649
-6.49	105.579250837271
-6.48	111.338632633368
-6.47	107.577956405233
-6.46	89.3534602696775
-6.45	91.124853819831
-6.44	95.7964298304668
-6.43	107.081857588682
-6.42	100.598521111893
-6.41	95.5740001664646
-6.4	116.669389520956
-6.39	89.1598114778957
-6.38	112.352093890148
-6.37	87.1867173097788
-6.36	100.927247227075
-6.35	86.5709526790427
-6.34	111.226514751335
-6.33	116.130057515157
-6.32	116.745441911284
-6.31	92.8822343985773
-6.3	93.7818713784133
-6.29	85.9856364355518
-6.28	88.2743748641579
-6.27	96.1498483174513
-6.26	101.635250512586
-6.25	104.21147503269
-6.24	89.425396811008
-6.23	92.299869632411
-6.22	98.5795700723169
-6.21	107.022965902383
-6.2	99.0160142184653
-6.19	91.0090278961412
-6.18	111.216314579798
-6.17	111.622506904655
-6.16	106.600279927079
-6.15	112.843338871009
-6.14	85.7416681388471
-6.13	110.619164444961
-6.12	81.7434713383118
-6.11	98.2369881091729
-6.1	108.673264719018
-6.09	91.6429812828945
-6.08	93.3816294489841
-6.07	86.3692671892818
-6.06	83.3018441376418
-6.05	105.244519600203
-6.04	96.4437187216377
-6.03	82.5029664601105
-6.02	76.5903981740337
-6.01	100.749378937653
-6	99.7528376773605
-5.99	82.2962617902682
-5.98	74.6595842606661
-5.97	88.8857883106878
-5.96	92.5949124249463
-5.95	96.891591425224
-5.94	73.1266171396883
-5.93	83.5556646934788
-5.92	74.0927003736461
-5.91	95.4329284068213
-5.9	93.3281835479603
-5.89	79.6797368919984
-5.88	94.0177802677665
-5.87	77.2081034117044
-5.86	96.0500761689579
-5.85	79.3560268126185
-5.84	94.5874179519252
-5.83	83.7931286548033
-5.82	95.4756340796384
-5.81	72.9730897842283
-5.8	75.3283920510935
-5.79	78.8572631155356
-5.78	80.0460186585047
-5.77	82.5958944950427
-5.76	88.8010183660873
-5.75	68.6712920775031
-5.74	90.533985027617
-5.73	98.4339850101013
-5.72	88.8813926589258
-5.71	77.4310142928706
-5.7	82.0513259070259
-5.69	76.8204395197241
-5.68	70.5604258137644
-5.67	82.5364788338101
-5.66	74.3515899607317
-5.65	93.6452694494339
-5.64	83.4609122380902
-5.63	66.2433434291726
-5.62	85.829629119385
-5.61	67.7495066786675
-5.6	83.597238017535
-5.59	68.6354136277066
-5.58	86.6195318594239
-5.57	88.6760283466516
-5.56	75.6581790998628
-5.55	67.6334919615223
-5.54	92.1560728684364
-5.53	80.9232220107649
-5.52	64.1673232556481
-5.51	63.2602486020508
-5.5	90.3172491788675
-5.49	69.6559742868707
-5.48	71.3536738495331
-5.47	61.7183220782907
-5.46	80.1557721236767
-5.45	65.8852976949376
-5.44	74.6152198504747
-5.43	86.6603109807497
-5.42	68.1165886658918
-5.41	72.7325176057954
-5.4	82.8128918611575
-5.39	55.8792629295585
-5.38	68.4729059344414
-5.37	67.2615029302271
-5.36	73.0748624703196
-5.35	79.9880270473142
-5.34	87.0896012958078
-5.33	54.9726268045259
-5.32	54.4823351021776
-5.31	80.4048024012382
-5.3	76.2223010444682
-5.29	55.2054413399644
-5.28	81.3851102492533
-5.27	65.2534232291785
-5.26	61.3713326694167
-5.25	66.1227357269591
-5.24	73.2256136544239
-5.23	57.7038979702541
-5.22	65.6507163193669
-5.21	52.4918215221619
-5.2	66.7996450964143
-5.19	57.6358987423229
-5.18	54.3440507876281
-5.17	50.3145289983226
-5.16	82.9016571906266
-5.15	70.4377689573711
-5.14	76.2313014160204
-5.13	67.9252411550766
-5.12	55.2436229489309
-5.11	68.0846197531853
-5.1	68.7537783299049
-5.09	76.8247894072651
-5.08	75.6229679830863
-5.07	61.5512089373552
-5.06	68.1602932556494
-5.05	53.9895201277681
-5.04	50.2585776066233
-5.03	65.8788742715375
-5.02	72.3451987077927
-5.01	72.4106837448126
-5	55.7898525103752
-4.99	74.0761404828483
-4.98	78.3737571713784
-4.97	56.2952664261843
-4.96	48.3810713259766
-4.95	58.260973465148
-4.94	53.4521935406914
-4.93	45.532817672326
-4.92	69.0032896608071
-4.91	60.9418103723821
-4.9	61.3852485861294
-4.89	69.4503892390567
-4.88	44.8610981256097
-4.87	56.3776153799806
-4.86	49.0537760697478
-4.85	64.799562407376
-4.84	65.1991915125049
-4.83	73.1839708854974
-4.82	57.1948982445053
-4.81	62.4478750071571
-4.8	61.5671338343303
-4.79	73.2919349205804
-4.78	64.242279289307
-4.77	57.1276889489716
-4.76	65.2763857310772
-4.75	70.1879845445794
-4.74	39.7679624791815
-4.73	69.9444117144638
-4.72	50.3514503081233
-4.71	62.0529046612949
-4.7	60.0587259986061
-4.69	49.3872104293769
-4.68	62.4989225520447
-4.67	67.9244226987213
-4.66	36.936679344413
-4.65	39.9451752368986
-4.64	46.6948622106507
-4.63	45.3074697028632
-4.62	43.9770971820129
-4.61	50.228540701154
-4.6	35.2060226515726
-4.59	62.557422950849
-4.58	44.4093116074899
-4.57	62.7671292565172
-4.56	52.3590233177063
-4.55	66.3404714008937
-4.54	66.3816442185265
-4.53	50.1622487216805
-4.52	40.1018878409643
-4.51	53.7761976773898
-4.5	48.0544803129399
-4.49	55.4509059370415
-4.48	59.8758911345744
-4.47	38.4771100831011
-4.46	44.6707808458286
-4.45	46.0277846582694
-4.44	60.6750129208938
-4.43	56.583507126894
-4.42	55.2111739859827
-4.41	61.537411453205
-4.4	37.1914886317669
-4.39	37.2607020162099
-4.38	54.8825112210246
-4.37	45.1182281206536
-4.36	52.2438256849212
-4.35	38.915371745203
-4.34	55.9483123411735
-4.33	38.3081870168074
-4.32	61.3316019826836
-4.31	35.9131416158323
-4.3	55.4563218373494
-4.29	55.0636766827599
-4.28	55.955281769279
-4.27	48.7511743606261
-4.26	43.5451286401357
-4.25	61.1398708000918
-4.24	57.0061697863097
-4.23	53.27174246667
-4.22	51.3219844950268
-4.21	47.0491808088856
-4.2	30.0069386763041
-4.19	27.7554547619357
-4.18	54.4260242012357
-4.17	46.5889667375512
-4.16	42.0536378555156
-4.15	52.3628371166458
-4.14	50.8025890934841
-4.13	37.6012698502811
-4.12	34.6598542081337
-4.11	44.5607654587822
-4.1	51.4802143747628
-4.09	36.5434297976441
-4.08	28.0534662287374
-4.07	50.6948605278442
-4.06	37.0138421200134
-4.05	45.1982611069355
-4.04	38.5108238909752
-4.03	43.5863004102192
-4.02	52.0869615400739
-4.01	31.754525917607
-4	27.1477422447249
-3.99	25.8356290661962
-3.98	53.7007796637245
-3.97	44.1855090345131
-3.96	40.6892860670617
-3.95	38.9086893663898
-3.94	46.0217569637279
-3.93	46.31296362225
-3.92	35.2289714894098
-3.91	45.213686024685
-3.9	35.2956894788043
-3.89	24.0525409391947
-3.88	53.1053019261175
-3.87	27.2199124639187
-3.86	41.1131353505923
-3.85	29.1947101756163
-3.84	33.066179291033
-3.83	51.191478547901
-3.82	33.9652517977443
-3.81	36.0617185468514
-3.8	38.9238412114652
-3.79	37.9054686947004
-3.78	39.9591962667657
-3.77	22.754200731895
-3.76	20.524152502284
-3.75	38.0064198738186
-3.74	37.2948037233659
-3.73	39.5329462792661
-3.72	43.6441496454399
-3.71	37.4087805697025
-3.7	27.7076129893511
-3.69	35.7611903782806
-3.68	16.448340439085
-3.67	38.0027761353776
-3.66	21.4693399742114
-3.65	45.8753656197813
-3.64	15.8914406944749
-3.63	22.7557851180109
-3.62	23.3728432476113
-3.61	34.4876115136531
-3.6	25.7312476574634
-3.59	29.1183989292491
-3.58	37.7730491134673
-3.57	14.213579873871
-3.56	25.370809621604
-3.55	40.9572122671026
-3.54	44.5565479902263
-3.53	14.0829855969775
-3.52	34.2233446198162
-3.51	30.3075234204753
-3.5	42.5055238347062
-3.49	44.2603421445499
-3.48	22.1839391625133
-3.47	31.3223931937911
-3.46	42.9487730876017
-3.45	14.2074298702437
-3.44	14.3076703981583
-3.43	30.6217936603968
-3.42	31.6558022261441
-3.41	26.2082983973375
-3.4	27.077892119995
-3.39	28.6444020566073
-3.38	44.6065125393111
-3.37	23.6285519828072
-3.36	15.1280959988202
-3.35	19.3323541252381
-3.34	17.4559505749198
-3.33	24.7094265015572
-3.32	25.6911901770573
-3.31	26.4248084751487
-3.3	40.8280063706144
-3.29	27.9719621958897
-3.28	26.4117264053965
-3.27	19.7889679467614
-3.26	29.2744836105304
-3.25	13.9715172208628
-3.24	42.460365693808
-3.23	41.1577039309468
-3.22	20.4862812364565
-3.21	19.7239912994387
-3.2	9.49505136761497
-3.19	9.73984242729905
-3.18	10.9890706644572
-3.17	35.4376404483562
-3.16	36.7665742336365
-3.15	25.1016742080121
-3.14	19.8592884665178
-3.13	27.4846902877115
-3.12	12.6284574104644
-3.11	24.8372056115626
-3.1	28.0233835630138
-3.09	17.8567344944472
-3.08	6.26671635177214
-3.07	37.9885353121736
-3.06	11.4818836847723
-3.05	31.7389410529267
-3.04	23.8917961968571
-3.03	28.2686391765999
-3.02	29.9921876016567
-3.01	11.8766489557883
-3	28.8485146748658
-2.99	26.0050347408096
-2.98	18.1617308623215
-2.97	36.0985401380327
-2.96	23.172444171482
-2.95	34.3012252389041
-2.94	6.33203338809634
-2.93	11.1062748548547
-2.92	5.65791579078768
-2.91	30.8453965547838
-2.9	12.5252870733795
-2.89	33.9361706344831
-2.88	7.77606116179448
-2.87	4.27230925624152
-2.86	23.7313070410073
-2.85	15.3304279611933
-2.84	10.5991833061206
-2.83	16.4520161795422
-2.82	32.3393833418073
-2.81	27.3445367452862
-2.8	24.2649181098687
-2.79	18.843014590486
-2.78	6.95840304209658
-2.77	35.3377951179496
-2.76	23.1567810722761
-2.75	28.3754987474589
-2.74	8.23298934832196
-2.73	25.5955010016856
-2.72	11.3054537277203
-2.71	11.238578082906
-2.7	4.87055702682155
-2.69	8.84911428536419
-2.68	15.532056659593
-2.67	34.1791626269846
-2.66	17.4031727939638
-2.65	31.4537549554259
-2.64	31.664799635736
-2.63	19.0595132312102
-2.62	21.728905071149
-2.61	3.3675758975806
-2.6	12.23711836856
-2.59	30.3069081465754
-2.58	20.2910737113369
-2.57	7.94583525660818
-2.56	0.875614958725388
-2.55	16.8406208900532
-2.54	6.99345789465986
-2.53	7.15530602076712
-2.52	11.9135471678133
-2.51	15.144165640957
-2.5	2.79268605088782
-2.49	16.5005989469262
-2.48	11.3581683065273
-2.47	22.9266668622911
-2.46	8.96491344772508
-2.45	16.0022993138115
-2.44	12.8068480053273
-2.43	31.0129591769505
-2.42	21.7082980609808
-2.41	10.5744996432148
-2.4	20.2867192562789
-2.39	27.8126107073482
-2.38	1.70483391667761
-2.37	17.0804896711199
-2.36	16.1147167346746
-2.35	19.282612981363
-2.34	26.0434842431266
-2.33	17.3382220576186
-2.32	7.5010848449932
-2.31	17.5182999039968
-2.3	25.8929579353672
-2.29	9.21559413998292
-2.28	4.10547247695306
-2.27	13.5062961115527
-2.26	18.203110604884
-2.25	16.5356977928268
-2.24	22.6575506115304
-2.23	4.92688609226909
-2.22	18.1524639522681
-2.21	28.291805060417
-2.2	28.3040680718657
-2.19	-3.55617079758012
-2.18	4.91983062319949
-2.17	4.01486053080919
-2.16	26.8005998892035
-2.15	13.8231034476339
-2.14	15.5471083582737
-2.13	25.0318317187894
-2.12	2.98534613446712
-2.11	7.92862079665348
-2.1	22.1567190941593
-2.09	17.8151437474685
-2.08	28.0678752762014
-2.07	26.2731777163274
-2.06	15.0731301552162
-2.05	-3.48565661583641
-2.04	5.12993534643256
-2.03	11.8391977794507
-2.02	22.2012510417608
-2.01	26.5875260335858
-2	15.2435235012021
-1.99	-0.608692909842498
-1.98	-0.968028522683662
-1.97	6.48680132521191
-1.96	8.40735710749006
-1.95	7.08874005984088
-1.94	0.100424854472969
-1.93	-0.215545765717884
-1.92	0.769917904399794
-1.91	12.4433005168594
-1.9	-3.84943127148892
-1.89	19.5304410001957
-1.88	16.1239549124654
-1.87	2.2788611141272
-1.86	22.2894931959364
-1.85	-6.32619138886055
-1.84	20.6448462527211
-1.83	13.2872138162645
-1.82	18.0265277133122
-1.81	11.1669451546479
-1.8	4.21416208424682
-1.79	22.2476815839317
-1.78	16.1551135367973
-1.77	13.9438877400532
-1.76	16.7377168223169
-1.75	9.87106490612311
-1.74	-5.18922099429662
-1.73	14.866853467412
-1.72	14.1035762663862
-1.71	-4.77627328215469
-1.7	16.5469214365163
-1.69	-1.06021479797108
-1.68	12.4986508398546
-1.67	3.72819363780127
-1.66	21.0122676867116
-1.65	0.00655069984559731
-1.64	7.79578275694495
-1.63	9.77287753531996
-1.62	5.81943622915277
-1.61	10.3366158205359
-1.6	-8.77365503187709
-1.59	-1.02257691827111
-1.58	12.2054293513839
-1.57	5.5383609034384
-1.56	-0.346191415777836
-1.55	23.6332193087828
-1.54	15.9950091916553
-1.53	-4.96415156736464
-1.52	20.9936083749936
-1.51	-8.52819633181427
-1.5	-9.1108309015758
-1.49	1.41432113630069
-1.48	17.5510082506748
-1.47	-0.121519211616393
-1.46	23.6291850507572
-1.45	15.7943502709959
-1.44	16.2986532759384
-1.43	17.3527891790449
-1.42	20.7361167021697
-1.41	-8.63378932707293
-1.4	-0.777113710992947
-1.39	-4.14245722390666
-1.38	-5.47759889218973
-1.37	10.4614213522422
-1.36	-8.28646349562791
-1.35	14.0500675821161
-1.34	7.51738995224341
-1.33	1.27148556655694
-1.32	12.8929917526412
-1.31	14.8994496703207
-1.3	21.7360603549149
-1.29	16.5779686198331
-1.28	3.27506898625194
-1.27	18.7631969279665
-1.26	20.9883539409705
-1.25	-5.02939070083962
-1.24	4.39489755059169
-1.23	-9.17984903910486
-1.22	-9.30753867376652
-1.21	2.64735873508392
-1.2	0.878661558793173
-1.19	9.25173078647422
-1.18	19.4642326103335
-1.17	-8.16053664086675
-1.16	17.928019937836
-1.15	-4.87381146166127
-1.14	2.67835911779008
-1.13	-2.73420866546751
-1.12	6.27811181423285
-1.11	10.0623442068682
-1.1	22.0544657877997
-1.09	19.1015924829964
-1.08	-2.80744238112869
-1.07	2.69825463562651
-1.06	17.5691491869414
-1.05	-10.8976894509014
-1.04	-7.10732047175732
-1.03	2.28982387530888
-1.02	9.37002297909593
-1.01	-7.11549855431948
-1	19.1390866243592
-0.99	10.7051816405984
-0.98	21.0542972777685
-0.970000000000001	8.42770917326772
-0.959999999999999	-9.07220016750371
-0.949999999999999	-10.4834862247113
-0.94	17.0387441961769
-0.93	-3.57042248784958
-0.92	-5.82571915397405
-0.91	8.95091505719749
-0.9	7.94854206695042
-0.890000000000001	5.60101382971952
-0.879999999999999	15.1459613273949
-0.869999999999999	-0.908434212184197
-0.859999999999999	14.7543171355314
-0.85	9.95580803659809
-0.84	-4.62277558994105
-0.83	-1.56129196719635
-0.82	19.1982219525571
-0.81	3.29055951476859
-0.799999999999999	20.7027657929401
-0.789999999999999	-0.358262596360204
-0.779999999999999	-2.60800033746866
-0.77	5.12862428942594
-0.76	-8.06242794704233
-0.75	0.92990239827923
-0.74	4.926983741311
-0.73	18.1486236692553
-0.720000000000001	-0.728032656455591
-0.709999999999999	-3.0257962444765
-0.699999999999999	22.6013197449678
-0.69	-0.305679676498814
-0.68	-5.611768814246
-0.67	5.20287213328296
-0.66	6.2557356435391
-0.65	2.00760380087542
-0.640000000000001	4.3137846716756
-0.629999999999999	0.51081084560334
-0.619999999999999	19.8564393782642
-0.609999999999999	-2.03079268486687
-0.6	-7.21470492641012
-0.59	5.37845326721068
-0.58	-4.83315957544035
-0.57	2.45880256038278
-0.56	17.3041203635087
-0.549999999999999	-8.62623969290248
-0.539999999999999	4.42145237023558
-0.529999999999999	5.60231273574288
-0.52	1.70360085992132
-0.51	-8.97160587059723
-0.5	13.7121361188989
-0.49	-4.70218019088929
-0.48	19.5861046201899
-0.470000000000001	-7.63460040016331
-0.459999999999999	17.7567342884361
-0.449999999999999	11.1105151910507
-0.44	3.50651796765248
-0.43	-10.4049739836285
-0.42	1.30378948496191
-0.41	6.06086894671568
-0.4	3.00196642848078
-0.390000000000001	-4.73417238487198
-0.379999999999999	2.93859959392463
-0.369999999999999	16.4390751429961
-0.359999999999999	18.009616858583
-0.35	15.2239647218112
-0.34	-9.85957824916589
-0.33	17.1409660044203
-0.32	-8.47768928766174
-0.31	0.0586392489827343
-0.299999999999999	-8.19648494158916
-0.289999999999999	9.00235849235215
-0.279999999999999	-3.96241536571384
-0.27	8.44087214990382
-0.26	15.503020318058
-0.25	22.017253108692
-0.24	18.2828179154365
-0.23	6.34776972614726
-0.220000000000001	-4.63108206178723
-0.209999999999999	2.7002766522947
-0.199999999999999	-9.94457889191973
-0.19	18.7805657047296
-0.18	10.667284682174
-0.17	10.043847794618
-0.16	-2.35329982734714
-0.15	8.8833895040635
-0.140000000000001	-6.02770099654469
-0.129999999999999	3.23498820846646
-0.119999999999999	-5.74993040015092
-0.109999999999999	11.7535663039168
-0.0999999999999996	-6.47880517100482
-0.0899999999999999	23.1171040474886
-0.0800000000000001	-4.29319195923388
-0.0700000000000003	-9.29780491613198
-0.0600000000000005	-7.71366232489673
-0.0499999999999989	-5.86497995758494
-0.0399999999999991	18.0668273264544
-0.0299999999999994	20.6348474521446
-0.0199999999999996	19.8547368082737
-0.00999999999999979	1.13284061387243
0	10.6572604184117
0.00999999999999979	6.31138705804255
0.0199999999999996	0.656309330408287
0.0299999999999994	10.7431867483096
0.0400000000000009	-8.81462409233107
0.0500000000000007	-4.49952639535304
0.0600000000000005	-5.74766213082378
0.0700000000000003	15.4724507743183
0.0800000000000001	16.3975172932576
0.0899999999999999	16.9548588213361
0.0999999999999996	12.4838405966632
0.109999999999999	13.8038886157877
0.120000000000001	-2.77162553400334
0.130000000000001	4.52602073508122
0.140000000000001	-7.07316032258013
0.15	0.14941078807743
0.16	3.18057521944949
0.17	16.7835914334013
0.18	12.8983984504241
0.19	16.8505401096521
0.200000000000001	17.5074869043744
0.210000000000001	11.693233519023
0.220000000000001	-7.30540034606905
0.23	14.679163111349
0.24	-7.95501194140869
0.25	16.6618689049637
0.26	17.7902985415167
0.27	-2.09909401009794
0.279999999999999	8.21708352662067
0.290000000000001	-4.83145004975623
0.300000000000001	1.19063452759466
0.31	-5.73383617123646
0.32	2.99325571856812
0.33	6.60266040183036
0.34	19.0409027181509
0.35	16.3502526475837
0.359999999999999	19.4571685159572
0.370000000000001	-5.25279373344367
0.380000000000001	23.3501482508523
0.390000000000001	23.3956381238514
0.4	-6.84316584059492
0.41	-6.57012371130898
0.42	23.1022175724235
0.43	24.2177759698507
0.44	1.63369835059543
0.450000000000001	-5.6971406459344
0.460000000000001	-6.24450554581606
0.470000000000001	-6.40301687427371
0.48	-0.41347488302217
0.49	24.9824331784516
0.5	16.874488285814
0.51	18.5928043154038
0.52	18.2866176333515
0.529999999999999	18.7925496285979
0.540000000000001	-1.07069901752165
0.550000000000001	12.555493357333
0.56	8.22952856916766
0.57	6.17579748619047
0.58	20.0780633569555
0.59	4.34347274852953
0.6	20.1180530799833
0.609999999999999	6.21360688860431
0.620000000000001	23.3953297771051
0.630000000000001	8.81471063202159
0.640000000000001	5.83624347617643
0.65	18.431216777619
0.66	17.7468998690952
0.67	19.4974480264619
0.68	16.3221657084027
0.69	28.1302552311677
0.700000000000001	10.5595345904843
0.710000000000001	23.9145552763223
0.720000000000001	7.94530357446553
0.73	-0.419187559789204
0.74	11.6525396500015
0.75	24.7365499151012
0.76	6.53008036103682
0.77	4.36554452117207
0.779999999999999	7.88022858440378
0.790000000000001	1.60979408143176
0.800000000000001	20.4022899439113
0.81	16.2017654389087
0.82	24.4873735322248
0.83	27.5912018368329
0.84	9.4631592786123
0.85	-2.62510561715161
0.859999999999999	2.69751531807802
0.870000000000001	-0.226199461268129
0.880000000000001	14.4919594424887
0.890000000000001	19.1714330787554
0.9	13.3947424739046
0.91	16.7117340527662
0.92	17.214379278908
0.93	25.2849013803335
0.94	10.3079463928848
0.950000000000001	24.6923108892523
0.960000000000001	8.39136016240721
0.970000000000001	26.9594951130906
0.98	25.6616915003639
0.99	7.73224576734748
1	24.5940724835398
1.01	26.2078455206431
1.02	9.22062574343127
1.03	7.25981677505936
1.04	22.4017380119134
1.05	12.6286985912857
1.06	15.2252880012605
1.07	-1.39882171895524
1.08	-1.98990900791207
1.09	24.188644677605
1.1	18.8833342413125
1.11	19.7530695464224
1.12	20.4585311484178
1.13	-1.44773682909637
1.14	19.9601203834515
1.15	21.4267380921179
1.16	5.0985646120816
1.17	15.9373560496389
1.18	22.6307428973692
1.19	11.4895287372483
1.2	4.33813998043944
1.21	33.2753747395728
1.22	21.2870022972356
1.23	5.19480465058295
1.24	22.1592629932526
1.25	25.9983982212358
1.26	32.2217971727637
1.27	14.3890710960077
1.28	10.9168136374691
1.29	6.02476099102667
1.3	29.3973612735984
1.31	31.9470865996489
1.32	17.9899649757686
1.33	6.36357799295788
1.34	7.09426648389772
1.35	14.5386169553226
1.36	16.7885413615289
1.37	22.3279052715538
1.38	20.4650308319669
1.39	1.3766573198785
1.4	11.6836440969597
1.41	20.7392507949012
1.42	8.67585455449041
1.43	5.51063814032752
1.44	24.3726641546946
1.45	7.40273757956931
1.46	27.9350381173091
1.47	13.0841253993919
1.48	14.3045263089963
1.49	21.1093754914462
1.5	28.1629102835826
1.51	21.673472851924
1.52	32.9246417956639
1.53	22.0838706061911
1.54	20.4647424129008
1.55	4.18417748413251
1.56	34.7407294798474
1.57	29.1934840089891
1.58	19.9395316011944
1.59	35.091118964989
1.6	13.8502945060621
1.61	31.3319844194607
1.62	29.9219514838153
1.63	15.0114274327064
1.64	6.10707585324419
1.65	21.4467012289522
1.66	15.9068605084679
1.67	35.6758697464366
1.68	9.81718169265429
1.69	25.4439437215405
1.7	38.0832885308575
1.71	27.3540578040224
1.72	17.612062824749
1.73	22.2644573047763
1.74	29.6717473099986
1.75	10.9639318800228
1.76	16.2999776328034
1.77	14.4910103494703
1.78	6.95169933404919
1.79	32.7307669980872
1.8	9.93115959401837
1.81	36.3484393516988
1.82	30.1020093166944
1.83	24.7314950928799
1.84	25.8136467717516
1.85	23.8008330285518
1.86	22.4362399556867
1.87	40.2195712837049
1.88	15.9981501318028
1.89	23.1335334713166
1.9	39.5741371774421
1.91	27.2134173377149
1.92	30.0963687973269
1.93	35.6264305200615
1.94	33.6570494717788
1.95	21.0093543074514
1.96	38.2308560623001
1.97	13.5636426946713
1.98	38.8542743759254
1.99	18.4262029483194
2	17.3721674387202
2.01	22.095298975108
2.02	19.8870467876981
2.03	38.0135433262268
2.04	18.4548740665263
2.05	34.3485874098389
2.06	23.0870635724653
2.07	18.3554395487433
2.08	43.9819583018164
2.09	16.0177511243757
2.1	32.8866165740863
2.11	40.974938556392
2.12	38.8430716989845
2.13	44.7150118071553
2.14	41.8612789606114
2.15	29.2699383737853
2.16	25.1913437067808
2.17	24.81218032421
2.18	28.0675356907046
2.19	32.9169572788456
2.2	23.9579895303758
2.21	39.6385779332044
2.22	25.6797806969074
2.23	47.8457167701861
2.24	33.2199219990959
2.25	20.4614947303229
2.26	46.6683998239896
2.27	17.1355082109009
2.28	43.2475680582861
2.29	42.3581895762375
2.3	26.2538279602459
2.31	25.5840213250054
2.32	20.2718833480561
2.33	27.0262485557921
2.34	36.8306466176129
2.35	18.4181202918911
2.36	38.3914977998235
2.37	34.0033934729731
2.38	34.6878555611756
2.39	31.8360589354407
2.4	34.9590325621037
2.41	45.5701584659576
2.42	19.4729987166244
2.43	47.2913311837649
2.44	26.1535199621673
2.45	39.7593226556142
2.46	45.7189578040245
2.47	41.6569020801306
2.48	47.4769822087934
2.49	44.4763917316997
2.5	33.0022221784965
2.51	24.262951215325
2.52	27.8219275367129
2.53	21.6924084409161
2.54	22.4455982435415
2.55	39.8007234842814
2.56	40.9830713123723
2.57	47.3987188819901
2.58	27.237497091447
2.59	47.7490042581821
2.6	38.6181943104384
2.61	45.1195274659094
2.62	34.1822349818244
2.63	52.3919475814668
2.64	26.0666473694934
2.65	48.2839052234777
2.66	44.2571085451435
2.67	45.9171834160904
2.68	40.5927968865638
2.69	50.2310066353786
2.7	43.3791753754747
2.71	42.3017694117441
2.72	44.4384407775282
2.73	26.907081890539
2.74	29.1728933979046
2.75	50.6684751061898
2.76	27.4307973445026
2.77	56.4124757446313
2.78	42.9822337533363
2.79	43.578663760698
2.8	48.186952073845
2.81	29.0346323929898
2.82	50.5222905336062
2.83	58.8795270264038
2.84	48.0363770857092
2.85	49.0510722588496
2.86	41.3576236293873
2.87	56.8267268627841
2.88	56.8068443177541
2.89	37.9245944944675
2.9	44.6543030219949
2.91	49.2321957371007
2.92	42.1264104375181
2.93	35.3100645532533
2.94	49.2723397000474
2.95	55.4385467369913
2.96	49.3826394069645
2.97	47.1119165792772
2.98	51.0374732403084
2.99	34.6192973652078
3	59.3265024999294
3.01	46.4043265571172
3.02	39.9748229360807
3.03	38.8529356701406
3.04	47.049250820122
3.05	45.3549538845642
3.06	55.9987293035545
3.07	42.1459341790431
3.08	56.5987821017024
3.09	43.7813809482832
3.1	42.3134588901398
3.11	64.5416749779295
3.12	46.8616486801086
3.13	65.0210942873912
3.14	64.8884974982238
3.15	57.1030300978486
3.16	43.7996278051667
3.17	50.4278346071025
3.18	65.5362982865717
3.19	42.4388020972462
3.2	49.2591037185502
3.21	67.0356853714446
3.22	40.6004710645005
3.23	59.7397869176616
3.24	60.1125501165786
3.25	53.521980996592
3.26	66.9336415567617
3.27	61.5577337650352
3.28	58.3647607793016
3.29	69.3642483788634
3.3	39.113774255407
3.31	42.5881364501936
3.32	64.6013353043649
3.33	53.0633921157075
3.34	55.1053080773806
3.35	55.297640279802
3.36	60.2718286353929
3.37	67.2936028305626
3.38	48.3654818770711
3.39	54.7079649296648
3.4	64.5615248405823
3.41	64.7261413855852
3.42	50.6740019934479
3.43	65.5999671878833
3.44	49.2098191510714
3.45	40.0571175856775
3.46	65.3032819329281
3.47	69.6379693854793
3.48	41.1659514395361
3.49	61.4309852316835
3.5	41.827697147157
3.51	50.8879297425971
3.52	56.571333762695
3.53	56.3885277080771
3.54	50.9978900916809
3.55	74.3482265622865
3.56	49.9034621197302
3.57	51.7672630410553
3.58	62.0833642615282
3.59	65.0584160944364
3.6	49.0835437630182
3.61	61.0083815356498
3.62	52.5541971780847
3.63	66.6794053810315
3.64	76.5551069649805
3.65	78.5155749983949
3.66	74.6470853080775
3.67	54.9173495833157
3.68	48.5818018326221
3.69	52.932066381753
3.7	77.3765233210232
3.71	61.9520950720975
3.72	78.6202255101114
3.73	72.4102894290643
3.74	70.2043140152991
3.75	67.0724947257772
3.76	54.6455946210778
3.77	51.9444930276352
3.78	81.6113382794221
3.79	53.2545593055427
3.8	67.2865793839476
3.81	71.6501193226652
3.82	58.0334388117789
3.83	52.5706015311794
3.84	50.475349727602
3.85	72.1010058664534
3.86	66.0615477489891
3.87	72.8644231126201
3.88	53.8441597289892
3.89	76.2784958934216
3.9	82.1516459586684
3.91	53.6199960638233
3.92	72.0835997398657
3.93	67.1687827113323
3.94	55.3738428942291
3.95	72.0246393974478
3.96	84.2334995274477
3.97	59.0334790434828
3.98	82.3952124822385
3.99	60.4727154736386
4	66.4067206179478
4.01	59.4880288540478
4.02	68.3477615803936
4.03	57.2903725643398
4.04	76.4330554027252
4.05	73.6439451075122
4.06	77.3936977172437
4.07	81.6250030197228
4.08	62.5401577521928
4.09	70.1890331605714
4.1	61.5828922517496
4.11	60.1692285143346
4.12	70.6049158323393
4.13	91.5975289299716
4.14	64.1474637011804
4.15	67.6861025552767
4.16	89.7589641690238
4.17	68.4820616356586
4.18	84.6281930043432
4.19	91.2524408335442
4.2	66.7033350744628
4.21	70.3989556665483
4.22	93.152022383199
4.23	63.3516570743853
4.24	79.7827675113048
4.25	90.760621432475
4.26	67.2147347338835
4.27	75.6895793096472
4.28	95.4566350661032
4.29	81.3801206008903
4.3	72.2945868891802
4.31	74.7113244811195
4.32	92.2108576464678
4.33	81.3477692024407
4.34	95.3270113987041
4.35	89.9583911226393
4.36	78.187811913274
4.37	86.6540807706278
4.38	76.4634632787423
4.39	86.0058410585419
4.4	77.0309059064871
4.41	70.1696279627697
4.42	71.8321384055486
4.43	95.1062584973173
4.44	76.6510342787196
4.45	94.9666221633903
4.46	70.7162387969712
4.47	87.3478868245642
4.48	94.5296178265908
4.49	70.2455447773073
4.5	75.5469173938075
4.51	78.2637326060949
4.52	77.3239644171114
4.53	86.7325989215441
4.54	102.006894740322
4.55	102.680212191741
4.56	96.1178084396104
4.57	77.3003134023297
4.58	84.3545308714048
4.59	81.076696311821
4.6	93.0205201365255
4.61	92.0566919096907
4.62	73.5748223879719
4.63	92.4438996066491
4.64	99.6677928693025
4.65	103.2396872652
4.66	97.7056333112508
4.67	86.6830968178212
4.68	104.372233557665
4.69	92.7496874029712
4.7	87.6940569652843
4.71	81.6948155659573
4.72	91.1561214747585
4.73	88.5769501906235
4.74	109.671809461362
4.75	82.2634850134715
4.76	88.7105739346326
4.77	89.4934337336432
4.78	102.628772948326
4.79	82.9591725161798
4.8	82.2047110522643
4.81	85.9478713726591
4.82	103.493674426886
4.83	90.4237473598618
4.84	98.427822300656
4.85	105.356848879748
4.86	84.6046210371819
4.87	112.90474538244
4.88	94.8587844970311
4.89	114.215412733093
4.9	114.528633429508
4.91	107.853323953848
4.92	95.1034876685215
4.93	116.485411464393
4.94	103.133134252526
4.95	112.163483418732
4.96	107.426139308984
4.97	85.5880179754406
4.98	115.787970348806
4.99	117.108641291513
5	112.610963778595
5.01	113.397558312928
5.02	112.826172144274
5.03	96.5181788838034
5.04	118.63857088321
5.05	101.295322108593
5.06	95.1971317218931
5.07	98.8037567644558
5.08	100.020705067991
5.09	106.470582944404
5.1	91.4012118497353
5.11	120.388805042088
5.12	91.8650489790295
5.13	117.353332980936
5.14	108.024476024633
5.15	105.695176821485
5.16	92.7344346591769
5.17	118.81546946975
5.18	107.293196044113
5.19	114.670965344957
5.2	104.424412899349
5.21	100.12725817164
5.22	96.6768774821997
5.23	126.682658366249
5.24	100.022313529899
5.25	122.527380208266
5.26	121.52102870607
5.27	113.236143259728
5.28	113.560815971983
5.29	102.275681106634
5.3	98.6730991676357
5.31	108.835924912725
5.32	108.189075403857
5.33	100.494883054771
5.34	108.302737696002
5.35	111.511867256651
5.36	120.278255337361
5.37	124.15611763445
5.38	98.6344268133188
5.39	111.532524482936
5.4	123.47111604832
5.41	106.502992400923
5.42	111.359124802546
5.43	128.261848275066
5.44	101.713991145896
5.45	109.258534277904
5.46	125.15517472132
5.47	127.397194829375
5.48	113.593790711666
5.49	110.063884678015
5.5	121.07880648511
5.51	136.886904097461
5.52	131.846371064279
5.53	113.601226640169
5.54	123.361676353144
5.55	105.031192740517
5.56	132.712497854431
5.57	139.239907593557
5.58	129.467708162476
5.59	118.58795609246
5.6	108.604057092632
5.61	125.290528478878
5.62	129.942034972778
5.63	115.60475616653
5.64	138.139065458501
5.65	135.747174096541
5.66	134.750468946925
5.67	128.728224893701
5.68	143.213341262968
5.69	138.935973312491
5.7	134.667828261816
5.71	129.9165543171
5.72	132.739214294919
5.73	142.701490164098
5.74	134.575167756121
5.75	115.315811049583
5.76	113.669795857685
5.77	141.060638752964
5.78	117.516691500829
5.79	123.538467542122
5.8	140.155556196937
5.81	129.406611677182
5.82	122.200852041346
5.83	127.783509882603
5.84	119.127241412107
5.85	143.620932983712
5.86	135.570106842615
5.87	143.816350523043
5.88	133.08460057752
5.89	125.352552510378
5.9	148.379546543445
5.91	140.63967259351
5.92	141.181057836354
5.93	144.387240271885
5.94	132.35406303249
5.95	125.455152283949
5.96	124.32610886484
5.97	122.448590360445
5.98	142.235372307873
5.99	133.332865146496
6	146.596824142537
6.01	149.792654490747
6.02	132.542255657052
6.03	142.947975499551
6.04	142.569009833652
6.05	130.331596283798
6.06	137.045445673764
6.07	155.868643350356
6.08	158.648884043821
6.09	132.172604291013
6.1	142.118251441348
6.11	129.529546657739
6.12	132.437284152825
6.13	144.445967316505
6.14	130.781730960031
6.15	161.133251326752
6.16	157.321673431922
6.17	130.189616589465
6.18	138.078101225378
6.19	151.124696123022
6.2	138.383769891666
6.21	162.295081966487
6.22	139.499906913438
6.23	135.127716548652
6.24	164.254616877996
6.25	164.814337936857
6.26	157.72182837144
6.27	142.694836223441
6.28	165.876421922702
6.29	139.147227834129
6.3	164.533216710262
6.31	144.658667339294
6.32	147.540276446202
6.33	167.20487359475
6.34	144.805305376519
6.35	154.580772047769
6.36	163.564513323562
6.37	155.905960812192
6.38	139.77667011691
6.39	154.067773935024
6.4	165.092042632796
6.41	172.926454512658
6.42	151.465227262755
6.43	146.705042492185
6.44	170.948834941501
6.45	167.888362543335
6.46	143.722512493494
6.47	150.462943968177
6.48	148.785133226135
6.49	169.365531211696
6.5	171.066735958576
6.51	164.902412734911
6.52	160.710523533213
6.53	155.3834245679
6.54	177.840522838227
6.55	176.31832506116
6.56	175.735696287946
6.57	155.048600762704
6.58	167.266942366302
6.59	161.428338434265
6.6	163.27810739242
6.61	164.656727035287
6.62	156.636211032734
6.63	181.643037132226
6.64	151.52330281291
6.65	166.498142669724
6.66	168.012272635892
6.67	159.795287905043
6.68	172.028960487713
6.69	162.842247214494
6.7	169.190898796253
6.71	167.474263166162
6.72	177.812020917786
6.73	155.811658891175
6.74	165.666034003697
6.75	186.777726509438
6.76	184.921665825036
6.77	164.419771835907
6.78	170.955366078775
6.79	181.386136284214
6.8	186.009164925896
6.81	182.543009433406
6.82	172.821105179024
6.83	173.100633952082
6.84	162.412710669904
6.85	191.511160864584
6.86	177.197692982789
6.87	179.252035774324
6.88	162.742400820434
6.89	164.911788973051
6.9	163.973280524859
6.91	175.471431600772
6.92	161.290596969901
6.93	186.747916324416
6.94	170.762265432701
6.95	172.81421415889
6.96	196.222770115977
6.97	196.820145289022
6.98	191.523062906538
6.99	172.999489780152
7	178.699378264412
7.01	175.104184502983
7.02	185.800257809688
7.03	194.489705361852
7.04	173.254072075803
7.05	177.25412455457
7.06	179.719624747951
7.07	184.832550918306
7.08	196.261664254764
7.09	200.236761041431
7.1	194.294262245667
7.11	179.352835245194
7.12	204.040059589675
7.13	176.561554463044
7.14	184.571901562291
7.15	190.775118791167
7.16	202.184428000237
7.17	194.82251602569
7.18	204.23955511827
7.19	205.42249861088
7.2	204.094991734989
7.21	184.140694680206
7.22	186.965543450881
7.23	203.722272793276
7.24	206.921406748173
7.25	193.703130855623
7.26	204.027144396487
7.27	204.021275104291
7.28	201.375642829702
7.29	181.148336452353
7.3	210.816728045084
7.31	208.268888119645
7.32	209.258160128355
7.33	212.760757697917
7.34	187.930931506018
7.35	201.975788438242
7.36	183.753170687198
7.37	201.080332984235
7.38	205.555373947247
7.39	200.022288663005
7.4	202.622713138148
7.41	209.017263661833
7.42	196.935036199008
7.43	197.713137628665
7.44	189.897658749386
7.45	219.634779157403
7.46	204.232701779962
7.47	210.792985345726
7.48	202.530637628842
7.49	216.832579364267
7.5	204.30280422992
7.51	196.42749110155
7.52	189.800071951498
7.53	191.309739602109
7.54	211.704600953653
7.55	194.327674603107
7.56	212.570944259482
7.57	194.139647950017
7.58	194.297494186062
7.59	205.667144722325
7.6	219.395468207235
7.61	216.219004455338
7.62	221.775169248986
7.63	198.918745109431
7.64	225.325348519741
7.65	226.819487872476
7.66	214.502938309841
7.67	224.739929162504
7.68	209.658970422786
7.69	200.46752168766
7.7	230.925666021811
7.71	231.009674923057
7.72	204.588423342278
7.73	210.284581935079
7.74	230.109551107375
7.75	213.716159867794
7.76	211.970161747486
7.77	228.680535647322
7.78	207.841871008878
7.79	219.259214853346
7.8	206.764737835584
7.81	219.587936904055
7.82	218.960681147431
7.83	219.627259437972
7.84	228.294189389329
7.85	220.30014351259
7.86	213.435811430221
7.87	222.861248379939
7.88	215.60164504252
7.89	240.574390007373
7.9	235.811335483784
7.91	240.635696915017
7.92	228.170137213033
7.93	224.305129027231
7.94	211.71028366027
7.95	232.090457599511
7.96	227.412316717795
7.97	212.470259880871
7.98	217.780971835571
7.99	214.991718019324
8	224.688770457525
8.01	216.516384422812
8.02	230.890880345338
8.03	217.742425377652
8.04	230.919695067253
8.05	218.554395177941
8.06	250.129244186935
8.07	221.378430247329
8.08	241.716387128632
8.09	232.877373130745
8.1	244.452784828809
8.11	241.87529801173
8.12	249.321528211093
8.13	230.937878553369
8.14	228.833695599673
8.15	230.379987755573
8.16	229.759655970234
8.17	240.331351618224
8.18	235.907710985884
8.19	241.905258115359
8.2	253.956410229853
8.21	245.32261713974
8.22	256.946556977841
8.23	242.868392218111
8.24	245.783662600136
8.25	245.547123768274
8.26	238.127646883148
8.27	238.001959272344
8.28	262.420356376442
8.29	232.285455140938
8.3	247.53990239436
8.31	254.223736381117
8.32	251.993749425729
8.33	232.511330858941
8.34	240.241170798729
8.35	234.047131954148
8.36	246.301349377966
8.37	242.169571269354
8.38	250.575998922731
8.39	255.269611459086
8.4	255.30913703742
8.41	245.673166199439
8.42	260.213631407417
8.43	260.564418445843
8.44	264.097599443428
8.45	257.686318242412
8.46	265.128671186227
8.47	242.855019024305
8.48	251.189998364856
8.49	258.147180518315
8.5	249.772641452358
8.51	258.311025218997
8.52	272.976563520205
8.53	254.216386925009
8.54	244.833221464077
8.55	260.110863735468
8.56	276.687797923656
8.57	261.229966821604
8.58	254.844005975056
8.59	268.433450050846
8.6	272.141749451215
8.61	277.930076184842
8.62	263.256379222498
8.63	271.770660516265
8.64	270.402947013511
8.65	249.272022437913
8.66	279.326738837235
8.67	264.491108257194
8.68	266.153442518299
8.69	273.124498887972
8.7	260.735317280761
8.71	257.853111385195
8.72	261.972518704786
8.73	262.245536879668
8.74	262.199425829144
8.75	268.839946858015
8.76	259.981324675305
8.77	277.74288161624
8.78	285.078861120004
8.79	259.84126244682
8.8	273.448049700833
8.81	262.454384204082
8.82	285.026380026623
8.83	261.698190482699
8.84	280.235130624499
8.85	262.634448938686
8.86	266.900732839042
8.87	272.944435000279
8.88	280.668759872918
8.89	287.400579884007
8.9	287.956855469166
8.91	284.481004182789
8.92	265.144379073759
8.93	274.273684074468
8.94	283.552274094773
8.95	276.823305675349
8.96	288.38621026361
8.97	269.853533219368
8.98	281.725059056561
8.99	301.066011825255
9	269.051368095595
9.01	299.879598370506
9.02	273.319172455747
9.03	273.964074037359
9.04	284.618080438965
9.05	276.902239345874
9.06	290.246708963771
9.07	277.702195853371
9.08	274.701032527272
9.09	298.156606388709
9.1	307.756522090394
9.11	304.700885714714
9.12	305.556080436184
9.13	299.166215139008
9.14	297.392319132235
9.15	286.457621707215
9.16	280.935745193338
9.17	310.714738777751
9.18	306.936177305232
9.19	297.587734051152
9.2	306.778091383729
9.21	296.661718348331
9.22	284.610229683563
9.23	292.540202440024
9.24	306.177467016916
9.25	289.894587990628
9.26	310.589382297013
9.27	308.470426001111
9.28	294.145529565644
9.29	295.987734599361
9.3	294.647497608411
9.31	318.114826287825
9.32	310.165836133594
9.33	298.361914393168
9.34	309.813720680665
9.35	312.970705112984
9.36	309.766428079328
9.37	303.838264595148
9.38	301.780774711136
9.39	295.739955955609
9.4	317.716058125917
9.41	318.014186047166
9.42	305.213512454405
9.43	308.819330791942
9.44	327.753257012038
9.45	327.806209730045
9.46	298.427644220268
9.47	329.719409385634
9.48	323.115716068407
9.49	321.874928496527
9.5	319.656637604993
9.51	318.580720994087
9.52	320.79295899377
9.53	325.294573064331
9.54	312.418795017811
9.55	327.930338098991
9.56	326.655255093567
9.57	317.058649277955
9.58	314.277006363913
9.59	317.394328816495
9.6	332.524429248184
9.61	335.61043621786
9.62	309.987868179227
9.63	323.731203929407
9.64	308.320906726573
9.65	310.164564724751
9.66	322.716624076245
9.67	310.077191228099
9.68	315.592925112333
9.69	327.83816838825
9.7	314.201279519549
9.71	333.785664925486
9.72	335.930665352608
9.73	319.231787510797
9.74	327.194534008704
9.75	333.329839886625
9.76	322.349378323734
9.77	330.958390380017
9.78	342.428944846489
9.79	343.248974993575
9.8	337.60578345477
9.81	327.692524342974
9.82	321.11618680764
9.83	338.86808768432
9.84	344.209245427635
9.85	342.339629806926
9.86	350.13317689242
9.87	351.744893829549
9.88	344.870810061347
9.89	323.256164669663
9.9	326.316226224007
9.91	341.430269959581
9.92	349.448696151859
9.93	354.202834137964
9.94	351.175350668717
9.95	345.974314799104
9.96	328.293457826326
9.97	334.343121959304
9.98	341.114528496669
9.99	343.952674218185
10	355.455127859937
