"X"	"Y"
-10	270.329353325279
-9.99	265.299463314649
-9.98	266.991009008937
-9.97	264.955514740435
-9.96	262.301733778653
-9.95	264.074633813164
-9.94	262.307625023531
-9.93	260.107353335798
-9.92	263.708059594957
-9.91	260.551116728997
-9.9	258.729469772849
-9.89	263.384003885916
-9.88	258.636327528257
-9.87	258.066665485089
-9.86	260.329611358693
-9.85	260.479508645805
-9.84	255.486029632432
-9.83	257.002370828299
-9.82	258.056346282124
-9.81	255.937591641882
-9.8	254.481987648569
-9.79	253.56566634318
-9.78	253.513541208439
-9.77	254.263824716622
-9.76	252.879579401178
-9.75	254.906443745912
-9.74	252.58178689389
-9.73	250.254035668462
-9.72	254.043977429405
-9.71	254.368961726263
-9.7	248.614318706215
-9.69	252.748354530678
-9.68	250.006610182545
-9.67	246.179870048157
-9.66	250.898088774476
-9.65	245.332564710939
-9.64	249.296231553168
-9.63	246.259384618473
-9.62	248.052687758152
-9.61	246.179019474517
-9.6	241.940914133176
-9.59	244.031302007991
-9.58	240.721846274527
-9.57	240.323135647698
-9.56	240.28525628509
-9.55	239.833394131904
-9.54	241.611171506369
-9.53	242.017793707279
-9.52	239.943848411258
-9.51	237.827968834799
-9.5	242.68515231397
-9.49	235.87252885241
-9.48	235.745042156747
-9.47	237.421732928983
-9.46	235.955083152583
-9.45	239.402702496819
-9.44	234.030556984213
-9.43	239.150902145846
-9.42	232.24983088653
-9.41	234.885173486708
-9.4	234.491176556449
-9.39	235.913563323062
-9.38	230.333923183027
-9.37	235.911189646037
-9.36	232.606793193637
-9.35	232.063439880946
-9.34	232.361951236262
-9.33	233.453730510259
-9.32	227.238342621916
-9.31	229.02776517901
-9.3	227.906774619033
-9.29	229.250119090548
-9.28	229.611642787538
-9.27	225.834934087528
-9.26	226.39727658458
-9.25	225.713061558198
-9.24	229.474281112094
-9.23	227.688702700927
-9.22	224.583250406021
-9.21	223.306557663812
-9.2	226.220972537861
-9.19	225.886387890997
-9.18	225.449463508601
-9.17	224.887343344956
-9.16	219.532496766094
-9.15	221.685949751095
-9.14	219.585091023167
-9.13	222.32225309225
-9.12	217.348557809955
-9.11	219.72406564036
-9.1	218.235450021135
-9.09	218.116129582974
-9.08	216.531936057246
-9.07	216.259469630625
-9.06	218.782360681908
-9.05	218.518188148281
-9.04	219.320266077006
-9.03	212.985550369857
-9.02	213.185374044235
-9.01	216.148255360015
-9	212.707712736763
-8.99	213.427277053462
-8.98	209.619131955328
-8.97	215.134390097346
-8.96	214.062896865893
-8.95	212.378086059111
-8.94	212.537816323694
-8.93	208.42407497846
-8.92	209.010448437528
-8.91	206.493372327964
-8.9	206.98486599867
-8.89	211.561528227186
-8.88	206.408528590765
-8.87	208.208603664237
-8.86	203.986989398022
-8.85	204.146451693772
-8.84	205.380768775692
-8.83	207.455881200914
-8.82	203.218382862019
-8.81	206.211428151105
-8.8	201.685730880994
-8.79	202.042696762952
-8.78	203.897532046472
-8.77	202.578575608957
-8.76	205.394853621669
-8.75	201.77924383857
-8.74	200.63065783474
-8.73	201.267987790063
-8.72	202.265075369524
-8.71	197.499962012392
-8.7	202.054923969736
-8.69	200.326998666036
-8.68	200.443574112354
-8.67	194.993391756373
-8.66	194.226346977235
-8.65	194.946568086977
-8.64	193.276124357419
-8.63	194.433291949736
-8.62	198.549572883368
-8.61	193.207333681959
-8.6	193.33304200247
-8.59	194.512829694487
-8.58	193.227028498785
-8.57	192.983145009226
-8.56	192.280232442136
-8.55	188.746461314364
-8.54	190.052710018291
-8.53	190.025265418695
-8.52	189.304945745296
-8.51	189.008701400949
-8.5	193.115294410763
-8.49	192.427524316016
-8.48	190.920535982644
-8.47	191.524820864376
-8.46	186.117106098926
-8.45	190.477055669477
-8.44	184.231842961182
-8.43	185.375610917168
-8.42	183.318806496966
-8.41	185.241346342871
-8.4	186.264055403474
-8.39	183.822261691198
-8.38	183.80564981663
-8.37	182.298974503561
-8.36	182.21212197899
-8.35	183.293096945615
-8.34	182.96586360071
-8.33	179.328319104909
-8.32	178.386598400556
-8.31	180.970696622332
-8.3	179.363360085475
-8.29	177.568616614373
-8.28	180.576333025903
-8.27	181.461910887598
-8.26	181.545424778211
-8.25	175.60745084686
-8.24	178.512342587765
-8.23	179.027517217434
-8.22	178.719816350484
-8.21	174.365824337257
-8.2	177.836261638427
-8.19	176.434067279725
-8.18	173.374657443742
-8.17	176.258963423645
-8.16	173.769861242606
-8.15	170.382254212452
-8.14	172.417724877195
-8.13	171.186776802121
-8.12	170.365103164078
-8.11	168.952350810254
-8.1	173.589830357711
-8.09	171.014347873106
-8.08	172.508709706487
-8.07	170.753975004854
-8.06	169.952417329071
-8.05	166.417599673925
-8.04	170.825669382827
-8.03	167.015080908871
-8.02	169.118320046602
-8.01	169.441277328714
-8	163.648680623222
-7.99	169.055580255779
-7.98	169.309168441854
-7.97	166.962071031754
-7.96	165.699021592097
-7.95	161.544350438894
-7.94	162.572445842379
-7.93	164.735027275321
-7.92	164.292198452629
-7.91	162.234553481833
-7.9	160.368420828106
-7.89	161.484455421791
-7.88	159.847222877562
-7.87	159.836031666998
-7.86	162.91743776044
-7.85	163.818854977437
-7.84	162.568062814966
-7.83	159.215974023384
-7.82	158.143773722353
-7.81	157.502634374322
-7.8	161.296014779653
-7.79	160.742785863473
-7.78	154.104238800394
-7.77	158.17375717955
-7.76	154.469909552478
-7.75	155.304231022625
-7.74	153.644985232033
-7.73	157.286319049292
-7.72	154.266509672762
-7.71	156.156714548458
-7.7	151.073209330436
-7.69	153.716119827132
-7.68	152.578776563262
-7.67	153.291763214616
-7.66	154.990584359333
-7.65	149.035219758605
-7.64	151.753515365445
-7.63	149.844914042026
-7.62	149.157658019849
-7.61	152.002156132813
-7.6	152.992962131086
-7.59	147.709011187434
-7.58	151.318510488023
-7.57	147.369981856385
-7.56	148.387760078465
-7.55	149.275190936446
-7.54	149.170321728058
-7.53	149.25608831635
-7.52	143.99339486297
-7.51	147.899150215538
-7.5	146.47598466936
-7.49	146.243380842518
-7.48	147.876266905109
-7.47	144.007787278106
-7.46	145.202699585024
-7.45	143.518509787896
-7.44	143.893127610028
-7.43	145.530196700724
-7.42	142.195696518505
-7.41	141.269256838411
-7.4	141.020764429575
-7.39	139.275147285828
-7.38	140.896643127568
-7.37	143.253243915177
-7.36	141.704191662155
-7.35	140.495980949558
-7.34	139.839256378664
-7.33	140.273804787107
-7.32	137.063683765017
-7.31	135.691790726173
-7.3	134.587650719292
-7.29	138.799573464464
-7.28	135.176096100033
-7.27	135.277048035541
-7.26	134.898356557611
-7.25	133.084381162223
-7.24	131.936245323669
-7.23	132.005255385229
-7.22	135.119733872991
-7.21	136.028355314187
-7.2	131.788808156097
-7.19	136.139824806436
-7.18	129.633599246809
-7.17	135.30739305004
-7.16	132.965193968474
-7.15	135.001232773971
-7.14	130.758816900844
-7.13	127.82682577818
-7.12	129.022844568915
-7.11	133.50233274998
-7.1	129.47572909477
-7.09	130.91491195794
-7.08	129.209920514838
-7.07	125.96500520675
-7.06	126.671354692743
-7.05	128.002409852614
-7.04	125.360032570971
-7.03	129.086973690452
-7.02	123.932463411518
-7.01	127.329381941745
-7	123.857835894608
-6.99	128.575000332424
-6.98	127.858800574771
-6.97	124.865610430942
-6.96	123.198780105739
-6.95	124.02975682382
-6.94	123.555316488364
-6.93	121.230963020011
-6.92	125.137154272294
-6.91	124.357426527926
-6.9	120.512863233091
-6.89	120.288485760063
-6.88	124.181530862068
-6.87	123.632788963259
-6.86	122.793523565988
-6.85	120.937278057723
-6.84	116.697827130586
-6.83	120.955085929082
-6.82	122.068423179942
-6.81	117.693150076723
-6.8	115.779647911973
-6.79	116.956137436823
-6.78	120.374223198971
-6.77	115.274886619943
-6.76	116.001459910511
-6.75	119.262983053147
-6.74	116.189163109288
-6.73	115.88371854993
-6.72	114.319620374825
-6.71	113.924555931453
-6.7	112.122625965752
-6.69	114.578605140305
-6.68	113.609310363719
-6.67	110.437425092537
-6.66	116.304331457272
-6.65	114.724320648837
-6.64	109.591040369408
-6.63	114.54594084111
-6.62	114.698982785029
-6.61	109.963568776532
-6.6	114.276611370863
-6.59	111.879072166155
-6.58	107.258599317747
-6.57	111.715294439194
-6.56	111.259936772215
-6.55	107.908425744767
-6.54	109.589597899383
-6.53	108.157444835924
-6.52	108.619976403475
-6.51	104.694818142117
-6.5	111.113234590471
-6.49	105.718995116519
-6.48	109.168466190712
-6.47	109.837894817183
-6.46	109.010748629091
-6.45	105.917648112806
-6.44	107.239315488332
-6.43	107.593861690026
-6.42	105.828616129108
-6.41	107.146172150193
-6.4	103.918027167701
-6.39	105.783495570482
-6.38	105.420364412719
-6.37	106.148502065148
-6.36	104.986152535514
-6.35	103.777510295958
-6.34	100.800867719156
-6.33	104.145426077436
-6.32	102.963994160131
-6.31	103.713038213394
-6.3	103.828105055895
-6.29	100.32092080413
-6.28	100.566962584303
-6.27	101.95533807739
-6.26	99.9527480590566
-6.25	97.5051736122165
-6.24	95.5441398651824
-6.23	98.5119504978414
-6.22	101.224761410347
-6.21	99.6444967456935
-6.2	98.7314312101517
-6.19	100.590241038743
-6.18	97.0320467862724
-6.17	93.9797142394492
-6.16	95.989072084177
-6.15	97.3344171140553
-6.14	93.442706257604
-6.13	94.735952561837
-6.12	96.4388455380458
-6.11	97.1217615487703
-6.1	94.6138520279187
-6.09	95.1556700391703
-6.08	95.359901646159
-6.07	91.4635258553342
-6.06	89.6984089852621
-6.05	92.3105211595637
-6.04	90.020631588285
-6.03	94.6463052371967
-6.02	94.7818204303746
-6.01	94.0911711826923
-6	90.222189491254
-5.99	93.0756141527683
-5.98	90.9628842286309
-5.97	87.1456588317779
-5.96	87.9668038366497
-5.95	92.606691032158
-5.94	90.4291285089701
-5.93	89.3175268506507
-5.92	87.0792346895616
-5.91	89.253107519078
-5.9	86.296158128165
-5.89	87.5869211736377
-5.88	87.7462357959046
-5.87	87.0226701955982
-5.86	84.9074506314083
-5.85	88.746973207253
-5.84	83.9479892325423
-5.83	84.4229736736707
-5.82	88.3724558112365
-5.81	83.0792804769322
-5.8	81.7165302396348
-5.79	85.4375705923833
-5.78	83.0962480499109
-5.77	84.4155047763562
-5.76	81.523971026174
-5.75	81.3224335425531
-5.74	86.1145945201215
-5.73	85.7080105359636
-5.72	82.9487042693136
-5.71	78.844034416009
-5.7	82.6030121098768
-5.69	78.1692884572781
-5.68	81.4603733844176
-5.67	81.6067010528411
-5.66	82.0359888548359
-5.65	81.7310452635062
-5.64	83.224673266562
-5.63	77.7889646917817
-5.62	80.1452607478151
-5.61	82.3295262960716
-5.6	78.7201536044009
-5.59	78.2153982344585
-5.58	75.931131092885
-5.57	80.8957367273844
-5.56	76.5080532717297
-5.55	76.7233990140647
-5.54	77.2621404751768
-5.53	77.2031079903598
-5.52	73.5428061136229
-5.51	78.8789354773747
-5.5	75.5155315469197
-5.49	73.1115638669115
-5.48	75.6057593695651
-5.47	72.4075777565504
-5.46	73.7267042529039
-5.45	74.5205674773997
-5.44	74.3223627900314
-5.43	77.0549048079278
-5.42	74.1832324527439
-5.41	72.9340015383236
-5.4	69.710850115955
-5.39	74.0007908979862
-5.38	74.28650396932
-5.37	73.1550175568929
-5.36	72.4934790746799
-5.35	69.0810561476121
-5.34	71.2614359227727
-5.33	68.2524707390401
-5.32	70.5698011586612
-5.31	69.7115471134219
-5.3	71.6381039264292
-5.29	72.6323418782358
-5.28	70.1432632057377
-5.27	70.7665029682347
-5.26	69.1859366925088
-5.25	69.117189745267
-5.24	71.0155995381101
-5.23	69.4421486038146
-5.22	65.3371582833018
-5.21	66.6888118734206
-5.2	70.3463124943786
-5.19	69.8788435500008
-5.18	69.0656625202765
-5.17	66.0378009817269
-5.16	66.9730507768707
-5.15	64.6648402087457
-5.14	64.6520650110108
-5.13	62.4632250741985
-5.12	66.5877845166421
-5.11	62.3562462414756
-5.1	66.4092433797253
-5.09	62.2021148744022
-5.08	64.6821951940867
-5.07	65.2259426162116
-5.06	61.1844617749796
-5.05	61.4306506161906
-5.04	63.2440898078849
-5.03	59.9664567822615
-5.02	64.4903797574577
-5.01	61.5358340266406
-5	63.5348580880138
-4.99	60.0994833222894
-4.98	64.2743245333201
-4.97	63.2103747113502
-4.96	58.9864849160952
-4.95	63.42961911798
-4.94	57.4317926803713
-4.93	63.5292983380035
-4.92	62.1254570169391
-4.91	61.7965069219367
-4.9	62.5297769968505
-4.89	58.4552162863149
-4.88	61.9344239519602
-4.87	57.8112358549841
-4.86	57.2959527369622
-4.85	56.039242356237
-4.84	57.9987543678995
-4.83	57.670966032756
-4.82	58.9527353493002
-4.81	56.3909220333769
-4.8	57.6105954544859
-4.79	59.0657971522387
-4.78	56.7763570094822
-4.77	54.5689908816346
-4.76	54.2820710501683
-4.75	57.3825869589708
-4.74	58.0488775357605
-4.73	54.7771196995129
-4.72	56.8043159874444
-4.71	56.2817685372859
-4.7	57.3841135358125
-4.69	53.3189233292772
-4.68	52.2337909301908
-4.67	54.4261294043475
-4.66	51.8117188171161
-4.65	52.3980249904323
-4.64	55.7963216515278
-4.63	55.3178489774894
-4.62	51.6466994184103
-4.61	49.3169299102804
-4.6	54.1503803536031
-4.59	53.6148927423076
-4.58	48.5539089127177
-4.57	50.3004668876662
-4.56	51.6877539012832
-4.55	48.1103821402469
-4.54	48.8310223311769
-4.53	50.3747638420963
-4.52	53.0905400845421
-4.51	47.8484538215965
-4.5	49.4403787120551
-4.49	48.1784016134362
-4.48	48.9016333129485
-4.47	49.8552970559165
-4.46	50.4161626874941
-4.45	50.9478709017556
-4.44	48.4432773981752
-4.43	50.1572514252396
-4.42	50.3401041863665
-4.41	50.5610121831315
-4.4	44.6265512503241
-4.39	47.8176555042113
-4.38	48.9251580582906
-4.37	49.6389517039493
-4.36	45.4907105616675
-4.35	49.33371887645
-4.34	45.473771013309
-4.33	47.7956416951691
-4.32	44.1952161760589
-4.31	47.5581509229475
-4.3	48.5918219246979
-4.29	44.8558327928399
-4.28	45.1054333663255
-4.27	47.2250695905441
-4.26	44.7495901002458
-4.25	47.495670938088
-4.24	45.7565281615062
-4.23	44.4061895671498
-4.22	44.0018853585899
-4.21	41.5837288670734
-4.2	43.2209360850628
-4.19	43.1438139518261
-4.18	45.2399388314789
-4.17	45.8036771531501
-4.16	39.5092128262847
-4.15	40.6698424098843
-4.14	38.5680639735267
-4.13	40.5906227271575
-4.12	38.4341330334299
-4.11	39.8788109742548
-4.1	41.2044891711543
-4.09	38.5123707757393
-4.08	39.1541663829989
-4.07	41.0007703023145
-4.06	40.4987358932324
-4.05	36.9861192188798
-4.04	43.2125534621995
-4.03	39.0315047060875
-4.02	37.969395009184
-4.01	40.7648958087782
-4	39.7668231485468
-3.99	40.3312156512269
-3.98	38.4411397116249
-3.97	40.4034339113154
-3.96	36.2467059519852
-3.95	37.0915519353165
-3.94	35.9452901762278
-3.93	40.3937418342839
-3.92	34.140599492323
-3.91	34.6337687210119
-3.9	34.2732151180535
-3.89	38.2236821588504
-3.88	34.6796023711577
-3.87	34.826283125439
-3.86	35.0196235854069
-3.85	38.1970595759707
-3.84	32.5476265011222
-3.83	37.9204953325202
-3.82	37.9550227090698
-3.81	32.391526364782
-3.8	36.9404860053847
-3.79	37.8131168427191
-3.78	33.1071482559234
-3.77	33.1785134657521
-3.76	33.2941856844426
-3.75	31.0987763289948
-3.74	36.450437439755
-3.73	36.7302479105544
-3.72	31.0660207986361
-3.71	30.1994391707353
-3.7	34.2194462913927
-3.69	35.839766212193
-3.68	36.1662895156249
-3.67	30.9059294675003
-3.66	35.4850115546485
-3.65	33.4659154343817
-3.64	29.270062202783
-3.63	33.9399473562034
-3.62	31.3943932181681
-3.61	32.4051336864974
-3.6	34.1578987033683
-3.59	32.3947842138301
-3.58	28.6206048483024
-3.57	29.7051108075695
-3.56	34.1148059028604
-3.55	31.1357552346293
-3.54	32.0179809532314
-3.53	31.2535558434197
-3.52	30.9265515047645
-3.51	29.1999522430709
-3.5	31.1165641880644
-3.49	32.9340772924803
-3.48	29.3436989035086
-3.47	30.0550791648347
-3.46	25.84095288049
-3.45	28.0149014390966
-3.44	29.3537881784725
-3.43	28.5566426268092
-3.42	28.6687537011671
-3.41	27.0709267094486
-3.4	30.1615042131938
-3.39	28.5772086503883
-3.38	30.4695738538519
-3.37	25.2527516087907
-3.36	28.9107306372804
-3.35	26.9831243315888
-3.34	24.9273861948382
-3.33	23.8625426515113
-3.32	26.7983042297963
-3.31	26.5304120325951
-3.3	29.8501813146617
-3.29	25.8298716760006
-3.28	27.3150937984087
-3.27	24.1368066757754
-3.26	28.7827487485401
-3.25	27.7795387148303
-3.24	27.868173952412
-3.23	25.394512673614
-3.22	22.903591281191
-3.21	24.3746893910427
-3.2	22.7072879822239
-3.19	24.6755419002836
-3.18	24.1699376675285
-3.17	24.8203481623202
-3.16	25.0960855201096
-3.15	25.0815662031806
-3.14	25.3494826690719
-3.13	25.9578345802409
-3.12	20.8320022464676
-3.11	25.0815880676827
-3.1	20.1221773802958
-3.09	20.5960223631029
-3.08	25.4977295948854
-3.07	22.7098646383608
-3.06	24.6848448638857
-3.05	25.4090834427113
-3.04	25.6135300502237
-3.03	19.8099925051447
-3.02	21.7599099282393
-3.01	25.500233167403
-3	20.7819532995809
-2.99	23.6373303198802
-2.98	22.9057295623501
-2.97	19.4425993404512
-2.96	21.1681557430856
-2.95	20.3893314924435
-2.94	20.4236698395152
-2.93	22.2198505028158
-2.92	18.6822398340385
-2.91	20.1138043372575
-2.9	22.064439523805
-2.89	19.7746841647086
-2.88	17.6855603018351
-2.87	17.2879986472441
-2.86	17.6416970749607
-2.85	18.1751407800079
-2.84	18.1926548275889
-2.83	16.5721897842158
-2.82	21.2829455495182
-2.81	19.8140862687526
-2.8	16.2530842088561
-2.79	17.6853605516217
-2.78	17.9384070099992
-2.77	20.9426879574378
-2.76	15.907081251474
-2.75	19.80519505712
-2.74	18.6395823207895
-2.73	20.8693619829497
-2.72	20.0209347809468
-2.71	21.4321733408327
-2.7	17.5483565474348
-2.69	20.8665894066179
-2.68	15.68176910104
-2.67	14.8713639906614
-2.66	16.3818706927472
-2.65	16.0622838375354
-2.64	16.1377526945857
-2.63	19.1601157989131
-2.62	17.9562944096252
-2.61	14.6836057589403
-2.6	17.3033671299431
-2.59	16.9459850453015
-2.58	16.7549093755487
-2.57	18.2674568634978
-2.56	17.4888913803998
-2.55	14.0765866360145
-2.54	14.8753996387227
-2.53	16.4030300878508
-2.52	18.7211536038126
-2.51	18.2836256739153
-2.5	17.9321159091485
-2.49	18.1120918827265
-2.48	18.9443953434837
-2.47	14.4344107990908
-2.46	17.463229118793
-2.45	15.9325355250896
-2.44	17.5091991782315
-2.43	13.9687581179204
-2.42	13.2536077658507
-2.41	12.4511505864918
-2.4	15.2169478146393
-2.39	13.5681585283601
-2.38	16.2116269033925
-2.37	13.977814176971
-2.36	15.7019966828416
-2.35	13.6278267147661
-2.34	12.4174087372122
-2.33	12.5154724672372
-2.32	15.8441318922954
-2.31	15.6438417359141
-2.3	10.9848310533791
-2.29	13.1054259325103
-2.28	15.0543457032796
-2.27	15.9926116198242
-2.26	13.5574173908353
-2.25	10.8226061841632
-2.24	15.706811259707
-2.23	11.6209331661383
-2.22	16.0719873786808
-2.21	11.5859409812729
-2.2	13.7888638151948
-2.19	13.088282051434
-2.18	15.1281799636367
-2.17	9.65785052755185
-2.16	12.7073923946056
-2.15	9.1873614140252
-2.14	13.68510352728
-2.13	10.1739872545923
-2.12	9.23011851517064
-2.11	11.2107399616712
-2.1	11.0634129350966
-2.09	14.5943130031827
-2.08	11.1944817496495
-2.07	8.18790871843413
-2.06	12.8994874730591
-2.05	8.18261750878779
-2.04	10.9121415237327
-2.03	8.33508022747704
-2.02	10.3039571784163
-2.01	8.66089723321298
-2	12.866332897079
-1.99	9.18312862143806
-1.98	13.4210153122205
-1.97	9.94758841387505
-1.96	11.0752432948608
-1.95	11.2090140852022
-1.94	11.7617131230874
-1.93	7.10940181232316
-1.92	10.9798371436069
-1.91	13.4375379730445
-1.9	11.3330387055545
-1.89	8.17467348739488
-1.88	8.1747743974903
-1.87	11.1527101115463
-1.86	13.0487054208237
-1.85	12.3869921973584
-1.84	6.54593423654749
-1.83	7.07636675891318
-1.82	10.4765015172674
-1.81	8.4749130374376
-1.8	7.15562673134345
-1.79	10.8843301978049
-1.78	8.75218326729544
-1.77	7.63007659827714
-1.76	9.23271890626555
-1.75	12.5238886738018
-1.74	10.9476639184322
-1.73	12.1830354639066
-1.72	9.84649470776947
-1.71	9.96626846846416
-1.7	7.85678270062141
-1.69	6.4919520009302
-1.68	8.59344179275339
-1.67	6.46309237979009
-1.66	11.1058023369631
-1.65	6.07352354563066
-1.64	8.19950526918264
-1.63	9.51462421822943
-1.62	5.25121601893665
-1.61	10.0593070688541
-1.6	5.33534926560618
-1.59	9.13865376456912
-1.58	6.45456849553898
-1.57	5.56277320402527
-1.56	11.2015352448038
-1.55	6.51682281587476
-1.54	6.38049301084745
-1.53	8.91857077710611
-1.52	8.74728547519764
-1.51	9.66762268694509
-1.5	5.91552358263372
-1.49	6.42742742043384
-1.48	9.80569820618251
-1.47	8.50658810549595
-1.46	7.88205322229633
-1.45	10.4414404292721
-1.44	5.82208215739382
-1.43	8.18231682961403
-1.42	6.1385030128702
-1.41	7.06331006863153
-1.4	4.50522693074874
-1.39	3.96231036255192
-1.38	8.39844250817282
-1.37	10.092628674774
-1.36	7.70279505377601
-1.35	5.18402191594585
-1.34	3.99298436558668
-1.33	3.76683617488297
-1.32	6.22786324424117
-1.31	9.92508469761011
-1.3	10.1932021328965
-1.29	8.76169403129898
-1.28	8.65674910028205
-1.27	8.37778378843225
-1.26	3.89088258373423
-1.25	7.13206554998698
-1.24	7.82056054740395
-1.23	9.38338230110471
-1.22	3.66479138302791
-1.21	9.48609524190839
-1.2	7.42083769266212
-1.19	5.44662628091246
-1.18	8.06275913663616
-1.17	3.32685452139302
-1.16	7.26841330930086
-1.15	5.11830543637359
-1.14	4.384066331194
-1.13	5.86371055028126
-1.12	3.91146761518995
-1.11	2.86241850980138
-1.1	8.70296743243673
-1.09	8.48623770853318
-1.08	4.6632066292169
-1.07	8.25667587149078
-1.06	8.76210820486134
-1.05	8.18798095095195
-1.04	3.51675724134534
-1.03	7.1387757349108
-1.02	3.87714595425843
-1.01	2.94704166333041
-1	3.61813384428322
-0.99	7.80259696756691
-0.98	2.58576632516649
-0.970000000000001	4.10495674774004
-0.959999999999999	4.64493979217945
-0.949999999999999	8.73002248062166
-0.94	8.72759991516589
-0.93	8.71446143920428
-0.92	5.46186272610411
-0.91	5.39244237556797
-0.9	2.48958209710963
-0.890000000000001	4.7499565661687
-0.879999999999999	2.72682069608809
-0.869999999999999	7.15088022128823
-0.859999999999999	3.80106879995953
-0.85	7.79538434252226
-0.84	4.07313591881487
-0.83	4.82852505196361
-0.82	2.59918330052656
-0.81	5.74546168394977
-0.799999999999999	4.90630008378621
-0.789999999999999	3.61694463987135
-0.779999999999999	6.31690894212182
-0.77	3.71264174261638
-0.76	7.15322417887295
-0.75	8.30215168055818
-0.74	5.52640594210442
-0.73	7.07305950967557
-0.720000000000001	3.40219819827595
-0.709999999999999	3.3909991042505
-0.699999999999999	8.74486760152199
-0.69	2.64622241045072
-0.68	3.86787980059027
-0.67	4.5673710410798
-0.66	8.60802688180765
-0.65	4.18348634271273
-0.640000000000001	3.87945223524974
-0.629999999999999	3.79088451133708
-0.619999999999999	4.88759313931098
-0.609999999999999	6.30978938636527
-0.6	2.82124155782403
-0.59	6.76409112729649
-0.58	3.14966382590789
-0.57	8.90007204593328
-0.56	9.03027658131431
-0.549999999999999	5.55505928892447
-0.539999999999999	4.29367882600418
-0.529999999999999	8.36782009697565
-0.52	2.72258320422083
-0.51	8.54829770272033
-0.5	8.15882329146367
-0.49	4.2623173597909
-0.48	5.05588591046159
-0.470000000000001	2.70609374387535
-0.459999999999999	4.8635080243724
-0.449999999999999	6.7588395111556
-0.44	5.91504494458769
-0.43	4.47222219154143
-0.42	5.573858908712
-0.41	3.69916387256936
-0.4	6.51824209497198
-0.390000000000001	6.86410885305058
-0.379999999999999	6.28063080683557
-0.369999999999999	9.05270952082271
-0.359999999999999	6.07250059235865
-0.35	2.73370465387409
-0.34	4.52790843759268
-0.33	4.16856346202711
-0.32	5.68801414991948
-0.31	2.81010494142329
-0.299999999999999	5.88156698477638
-0.289999999999999	2.98269459713964
-0.279999999999999	8.14262182959746
-0.27	4.1300524459383
-0.26	5.85619924309659
-0.25	6.47502643479407
-0.24	5.547609024921
-0.23	7.62155471127414
-0.220000000000001	3.8807879807445
-0.209999999999999	7.08339643998946
-0.199999999999999	7.55803609996646
-0.19	4.51647990548935
-0.18	8.79224890540343
-0.17	3.3223668416682
-0.16	9.82334889413582
-0.15	3.67289731295968
-0.140000000000001	6.85209985188366
-0.129999999999999	8.2014712369725
-0.119999999999999	5.14173937520115
-0.109999999999999	3.37750823981378
-0.0999999999999996	9.19036264688381
-0.0899999999999999	6.43159923613411
-0.0800000000000001	4.61601901930277
-0.0700000000000003	6.56001381723518
-0.0600000000000005	3.91054307812723
-0.0499999999999989	5.92101749970991
-0.0399999999999991	4.65931681498862
-0.0299999999999994	9.71378362842911
-0.0199999999999996	9.33181808727838
-0.00999999999999979	7.71626477119687
0	5.9774624408479
0.00999999999999979	6.51287493878205
0.0199999999999996	7.4582898148721
0.0299999999999994	8.99306839180716
0.0400000000000009	4.37875795531979
0.0500000000000007	5.29898510497279
0.0600000000000005	6.06653965193584
0.0700000000000003	9.18358182631666
0.0800000000000001	6.67244111456183
0.0899999999999999	10.5627716140663
0.0999999999999996	6.77433451856627
0.109999999999999	7.89022593474132
0.120000000000001	7.93844000086412
0.130000000000001	5.40262015521819
0.140000000000001	4.94566571158948
0.15	10.2424016234049
0.16	4.38920601292832
0.17	10.3615363249671
0.18	6.51492935392303
0.19	7.0491218579774
0.200000000000001	11.2700013338342
0.210000000000001	6.75632629329274
0.220000000000001	9.32853750712544
0.23	6.90359460658786
0.24	9.95756085485885
0.25	6.77086497630765
0.26	9.17358425218679
0.27	9.16047110203549
0.279999999999999	5.12151899305563
0.290000000000001	6.390515887099
0.300000000000001	10.4783906819097
0.31	9.10508123881429
0.32	9.95527399582152
0.33	6.41602571101609
0.34	9.15709978805157
0.35	11.8505173835427
0.359999999999999	9.25750360797317
0.370000000000001	8.849329718688
0.380000000000001	8.92110019666706
0.390000000000001	6.62672839497772
0.4	11.5676866486176
0.41	7.98249223305619
0.42	11.8397522400202
0.43	10.0233291027136
0.44	9.03989428197169
0.450000000000001	11.5168939421953
0.460000000000001	10.92106035236
0.470000000000001	8.94765639731007
0.48	12.3854509040038
0.49	11.413599737781
0.5	10.7521957372428
0.51	9.11736849287051
0.52	9.02249878739199
0.529999999999999	7.4287560889014
0.540000000000001	12.7050185216614
0.550000000000001	7.56808262510589
0.56	11.948128161264
0.57	9.32574360274488
0.58	7.33246251048973
0.59	10.8154767494477
0.6	11.0642412393955
0.609999999999999	12.0950974190017
0.620000000000001	12.9923171154274
0.630000000000001	9.69112741400806
0.640000000000001	12.8618177635094
0.65	14.0123418566082
0.66	12.9903907482175
0.67	13.4171968979007
0.68	9.03431471296641
0.69	11.0871742037029
0.700000000000001	10.2356453793061
0.710000000000001	8.82315216425397
0.720000000000001	8.26054222769896
0.73	10.2133254717544
0.74	8.83431699240305
0.75	9.86261806507231
0.76	9.89871451667757
0.77	10.9587049532186
0.779999999999999	10.4044976183268
0.790000000000001	11.7988911934227
0.800000000000001	9.98227363640773
0.81	13.3962270156443
0.82	10.4705560041253
0.83	10.3542649466083
0.84	15.4788217268559
0.85	15.2209027623732
0.859999999999999	10.8133124743569
0.870000000000001	15.0658878798085
0.880000000000001	13.2110825114525
0.890000000000001	11.5304933049723
0.9	9.65123653823733
0.91	13.8154799439333
0.92	14.8381055006257
0.93	12.4201760487231
0.94	16.7917130895562
0.950000000000001	12.1111037235174
0.960000000000001	11.9993512145977
0.970000000000001	13.5725525396923
0.98	12.2811143177574
0.99	14.1218092696992
1	10.8199917243
1.01	16.6238228553688
1.02	14.9453133153942
1.03	16.3566499661212
1.04	17.1899578472136
1.05	14.6362428682487
1.06	14.3000667485737
1.07	16.2924091679025
1.08	16.3240292979293
1.09	16.7461004243669
1.1	14.4010136550982
1.11	15.9313604727292
1.12	12.0806716366224
1.13	14.4866272942362
1.14	18.5699845141233
1.15	16.0487248507079
1.16	16.7788032410509
1.17	13.4179212952579
1.18	15.0492067073515
1.19	15.9971166311377
1.2	13.6971011413939
1.21	14.2784925252945
1.22	17.6500653742934
1.23	14.5632813472343
1.24	18.7704383256548
1.25	18.2507923999648
1.26	15.1488514412222
1.27	15.1275101785194
1.28	19.0953539062248
1.29	16.9976635207826
1.3	19.8008999037766
1.31	19.6952825049384
1.32	19.5839797126812
1.33	19.4580586703639
1.34	20.3458641885018
1.35	20.1540986879847
1.36	15.9544080404807
1.37	21.0149836436602
1.38	16.395085499849
1.39	21.3420148401859
1.4	21.1042481847861
1.41	15.9580001825788
1.42	20.5490221177898
1.43	16.1335043708647
1.44	15.6287386074554
1.45	20.16609160258
1.46	18.5142474256369
1.47	16.5445647927384
1.48	19.7289832657347
1.49	17.4767057536164
1.5	18.8957815511754
1.51	19.0265361581409
1.52	17.4702503567313
1.53	19.4240822589745
1.54	18.1993762102033
1.55	22.0728723171227
1.56	20.8698209989309
1.57	20.3078232190782
1.58	17.7276215217148
1.59	18.3347739353328
1.6	18.3965531537866
1.61	23.1735992400225
1.62	20.3444873029317
1.63	22.3724003040764
1.64	21.7998101866613
1.65	18.9615048430766
1.66	24.6120435728547
1.67	19.6328321962802
1.68	22.972125646423
1.69	22.4380837722379
1.7	21.2099983206026
1.71	21.8811298844069
1.72	26.0295359801368
1.73	22.0666500295657
1.74	21.4725154815647
1.75	26.5382549860153
1.76	23.0420729534503
1.77	21.341234515581
1.78	26.6223017930635
1.79	26.9610702180258
1.8	22.0377720016545
1.81	24.7286227924184
1.82	23.8363707092892
1.83	21.4986484491557
1.84	25.9201754027313
1.85	26.3316395676219
1.86	26.2232688410909
1.87	22.6885339945734
1.88	24.0181498651732
1.89	23.4899713453166
1.9	27.5201780185373
1.91	27.7790496702744
1.92	27.2611090437792
1.93	22.7503577892119
1.94	26.9841117781596
1.95	27.2748409246168
1.96	26.8634677541127
1.97	26.4215167845674
1.98	24.7489923039037
1.99	29.8137019046055
2	27.5747799137203
2.01	24.0541020846761
2.02	26.4137671716574
2.03	28.6190973318414
2.04	26.5122427582174
2.05	26.4453717592385
2.06	26.4137264460669
2.07	29.5861728686357
2.08	28.922920097031
2.09	27.3039503961752
2.1	29.9219024334359
2.11	25.8417033494479
2.12	30.3042870609341
2.13	30.1874036598144
2.14	31.4466172604849
2.15	28.0746181560813
2.16	31.1929434942731
2.17	31.8682811051312
2.18	28.6287150083716
2.19	33.4828487183337
2.2	27.4770245133598
2.21	30.111309738617
2.22	27.4235821998676
2.23	30.7037080733202
2.24	31.8881362357129
2.25	28.7860366655126
2.26	30.2942725298092
2.27	32.7641448011854
2.28	31.3668926088333
2.29	32.3427785638215
2.3	34.954825950871
2.31	35.2388223262505
2.32	32.2641795704142
2.33	33.7150861460698
2.34	30.7078729022492
2.35	36.2420431579146
2.36	30.7033236400764
2.37	33.8091345461607
2.38	34.2237445056663
2.39	30.4033512951514
2.4	33.0147828803999
2.41	35.1425787811765
2.42	33.0430120239706
2.43	31.2904326589963
2.44	36.946027591416
2.45	33.281992592378
2.46	36.4434702299018
2.47	32.5227669994772
2.48	33.8053147553253
2.49	32.26423114489
2.5	34.3806041513057
2.51	34.3816345714639
2.52	34.8307319539718
2.53	32.9271455426898
2.54	35.6342457262377
2.55	38.9213846556011
2.56	38.2438214905497
2.57	33.8425151572772
2.58	40.1574883290805
2.59	39.183258256429
2.6	38.485196921871
2.61	40.9503452673127
2.62	37.9283670184112
2.63	41.6059926112487
2.64	38.7254974134898
2.65	38.0495831075745
2.66	35.6879792553373
2.67	41.9306445226021
2.68	41.2514712816975
2.69	37.7872951630925
2.7	39.0618885681826
2.71	39.724533031716
2.72	40.9902292408953
2.73	40.5873828089309
2.74	40.2157543914911
2.75	41.3631278522641
2.76	37.9609027875515
2.77	44.4801800536503
2.78	39.9308708867372
2.79	41.7652246146843
2.8	40.015811868835
2.81	39.8104126892138
2.82	41.7859614164036
2.83	41.0724008732048
2.84	43.6334838087218
2.85	45.3865573343994
2.86	40.0302692674601
2.87	40.6013102277313
2.88	41.2027597762983
2.89	44.5319301049291
2.9	41.5563941283073
2.91	46.3251344775288
2.92	44.2520350900653
2.93	45.39065176335
2.94	42.3100735946526
2.95	41.9599256707811
2.96	41.9997052047823
2.97	45.7646437377863
2.98	48.7254419109169
2.99	45.0301565357348
3	42.9640697948576
3.01	48.6870124787095
3.02	48.7689887693733
3.03	47.2585832158867
3.04	45.4346012893998
3.05	46.2255927629223
3.06	45.7545539273017
3.07	49.4480498742939
3.08	47.0008924902904
3.09	47.7591211623252
3.1	47.6592673366321
3.11	51.5455531906704
3.12	45.3103890151112
3.13	51.3639061326901
3.14	51.0154343652401
3.15	49.3332576594414
3.16	52.3002433617599
3.17	52.0407906985064
3.18	51.1839177149049
3.19	49.1077929481035
3.2	51.9359653806736
3.21	53.0261740051479
3.22	52.7703526185993
3.23	53.1028807814215
3.24	48.8632212587734
3.25	51.2948857531901
3.26	52.6356450619424
3.27	52.5514162724678
3.28	49.1198262188578
3.29	52.3892518008755
3.3	52.941450428343
3.31	54.8693910476026
3.32	53.0232766568213
3.33	53.5781843170217
3.34	55.3325604638514
3.35	56.7931398781723
3.36	56.3427864667763
3.37	57.6855856216949
3.38	54.1622472901118
3.39	54.4895875896931
3.4	56.6687792280092
3.41	54.2647693752695
3.42	57.3802928154221
3.43	54.4359719694727
3.44	58.8341208495699
3.45	59.2743559519519
3.46	56.3462574799551
3.47	57.5482552251833
3.48	55.9981682152848
3.49	54.3327922571368
3.5	59.3998440959192
3.51	60.8039171972684
3.52	60.3414592429709
3.53	61.4220374596213
3.54	57.5922947729498
3.55	56.5596825780772
3.56	59.4602592869206
3.57	58.935996120573
3.58	59.1944952135561
3.59	62.9660984314853
3.6	60.5373891436037
3.61	58.4489962363624
3.62	58.5290949933158
3.63	58.4613414780461
3.64	58.4401469302655
3.65	63.26604127668
3.66	60.1643281685865
3.67	60.4715354279768
3.68	64.6091455989616
3.69	63.2390677924563
3.7	61.7873056992225
3.71	62.0234079551861
3.72	64.1657409441916
3.73	64.490420830439
3.74	61.677357684199
3.75	61.9388448256769
3.76	63.5417970079613
3.77	65.770713965232
3.78	63.1750635168311
3.79	63.6467336138503
3.8	62.3028291998911
3.81	68.6217432886652
3.82	66.5127241855186
3.83	64.7245028765345
3.84	67.9432043828279
3.85	66.8093398087396
3.86	64.5704533085493
3.87	70.6668356543589
3.88	65.1841085504917
3.89	64.8978520698405
3.9	65.6098323440284
3.91	68.8815046897007
3.92	66.4514719017913
3.93	72.4539052843615
3.94	67.275341451593
3.95	68.9091111356561
3.96	70.3243212634338
3.97	69.9181945659994
3.98	73.3376424690287
3.99	69.0064547109265
4	73.1492573594246
4.01	74.4612207591441
4.02	69.0301930812598
4.03	74.7397007499191
4.04	74.0774500670579
4.05	74.2413048129575
4.06	74.8144435834938
4.07	75.1181080192391
4.08	71.2385924190937
4.09	76.5650125272869
4.1	72.0194388123208
4.11	71.8073708504686
4.12	74.1774959608511
4.13	74.979785844737
4.14	71.8609048316376
4.15	78.1173387430603
4.16	76.2882130943012
4.17	76.5985448429213
4.18	78.6816462405351
4.19	79.2824237189652
4.2	75.3489722303326
4.21	76.9886612404702
4.22	76.794541111779
4.23	74.6707054799652
4.24	80.1916470550518
4.25	80.986566796343
4.26	75.5286765482924
4.27	75.7328654430009
4.28	79.7978226609581
4.29	79.8091152541512
4.3	76.455960633708
4.31	79.1646161935462
4.32	82.2299508885202
4.33	79.1904172342282
4.34	79.871837851541
4.35	82.7191620805516
4.36	82.5750385782126
4.37	83.0162787936396
4.38	78.9760382162883
4.39	84.2825957523301
4.4	84.9079503251945
4.41	81.3002065254064
4.42	80.1648509430568
4.43	83.9677331851337
4.44	83.2850008286074
4.45	85.3930936656906
4.46	87.7871730642722
4.47	83.3420455345971
4.48	87.2136809647439
4.49	83.1524535500929
4.5	83.6148145328932
4.51	88.2559618596689
4.52	86.4946448932259
4.53	88.7746064227315
4.54	86.0621027122894
4.55	87.3561839993936
4.56	88.4736259938596
4.57	90.0247799188383
4.58	87.7196029886539
4.59	86.7690398524297
4.6	88.2318631725653
4.61	91.4375845536795
4.62	90.6344647121899
4.63	88.2149364538074
4.64	90.9371515891452
4.65	91.3340716882671
4.66	92.4210379293321
4.67	93.8490357590212
4.68	89.5381963052438
4.69	94.6462575998774
4.7	93.8813192029199
4.71	93.3804588527163
4.72	95.4490192813144
4.73	94.558556080405
4.74	93.1816044740878
4.75	96.5452658850651
4.76	91.4962754746998
4.77	91.3152878784791
4.78	96.6561854899627
4.79	95.1239966881888
4.8	96.0334419714072
4.81	92.8931867833999
4.82	93.3144629270531
4.83	98.193874453818
4.84	97.7291658130726
4.85	98.883830492116
4.86	95.338512637965
4.87	98.4152257819474
4.88	98.2154811182338
4.89	100.824302903747
4.9	96.9147219886569
4.91	95.6068761370343
4.92	96.0850641202871
4.93	97.1530021886754
4.94	103.211904853736
4.95	100.156799793655
4.96	103.500174542182
4.97	102.59998037776
4.98	103.804361442176
4.99	102.596864624242
5	104.184269044874
5.01	99.6921938488955
5.02	102.942321876966
5.03	103.338205564396
5.04	100.378956243722
5.05	105.596184439594
5.06	104.194656463689
5.07	103.38333219919
5.08	108.038039038721
5.09	105.831818161253
5.1	108.283480767698
5.11	104.70226488474
5.12	105.631601672369
5.13	105.503293649924
5.14	104.957134241519
5.15	106.323919485139
5.16	109.255114339635
5.17	109.321112553534
5.18	111.553329051889
5.19	109.00232624978
5.2	112.281004485289
5.21	106.885334781862
5.22	107.111946426287
5.23	109.649306866261
5.24	113.672351680593
5.25	113.607478983556
5.26	113.621942738243
5.27	110.917561056266
5.28	108.662078155138
5.29	110.500686739123
5.3	109.554110072696
5.31	112.763340615386
5.32	114.603991559779
5.33	116.719726642878
5.34	113.315824056291
5.35	112.512954406419
5.36	116.770046308393
5.37	115.224850283518
5.38	117.652794749948
5.39	112.413140508693
5.4	114.476017933764
5.41	117.014147111684
5.42	113.802100272618
5.43	115.180203046579
5.44	115.222557786167
5.45	115.035752694512
5.46	120.620262156764
5.47	116.109244481366
5.48	118.216128504386
5.49	122.360983898714
5.5	116.454834698764
5.51	121.89337896306
5.52	118.297569329733
5.53	117.490651676335
5.54	124.117381449976
5.55	123.477452651835
5.56	118.694349858601
5.57	123.754596752024
5.58	120.089467525014
5.59	125.840230390206
5.6	122.527986268189
5.61	121.385110928392
5.62	126.660637430792
5.63	126.315897735203
5.64	124.795057591094
5.65	126.378071648138
5.66	125.810128027899
5.67	126.936662617931
5.68	127.34883767066
5.69	125.45537591063
5.7	129.570833103874
5.71	128.64563267366
5.72	129.188219865606
5.73	131.52383036763
5.74	127.109902890033
5.75	132.03475992213
5.76	130.577434733638
5.77	132.772153204062
5.78	130.315402057887
5.79	130.604886585408
5.8	129.801983472473
5.81	129.888117915827
5.82	133.63019576207
5.83	129.361122063426
5.84	129.61283189826
5.85	129.930525652147
5.86	136.545678327278
5.87	137.030224074634
5.88	134.284947313237
5.89	136.840829580361
5.9	132.534232922141
5.91	135.89761800448
5.92	136.014058915055
5.93	138.212216661124
5.94	135.084882135761
5.95	138.654856991428
5.96	139.972178017521
5.97	139.381498384664
5.98	135.291732437575
5.99	138.284228870232
6	139.70626272457
6.01	139.795955175354
6.02	137.072969912438
6.03	137.367164563076
6.04	140.65322628165
6.05	139.577156214524
6.06	142.014770368532
6.07	138.999555796436
6.08	139.124723894826
6.09	144.366068846489
6.1	144.656322183734
6.11	146.207161960663
6.12	145.338402433482
6.13	144.259246694875
6.14	141.371456486788
6.15	143.175072641803
6.16	145.723057924827
6.17	147.257473302364
6.18	143.838805386804
6.19	145.902441736844
6.2	145.771026269406
6.21	145.736697152776
6.22	145.308953000849
6.23	150.500044827709
6.24	147.50429234126
6.25	146.925132805506
6.26	150.332156088938
6.27	151.327174511476
6.28	151.992208098503
6.29	149.303586850219
6.3	147.994396775966
6.31	153.560085820321
6.32	151.749347989252
6.33	151.686859170786
6.34	150.597428885182
6.35	154.526781615851
6.36	155.473418941143
6.37	152.231164542107
6.38	157.814658871414
6.39	153.939888025717
6.4	157.178770967527
6.41	153.88900692447
6.42	154.026691110907
6.43	153.438329146827
6.44	158.273590805275
6.45	156.124447430164
6.46	159.62189118444
6.47	157.041194420588
6.48	159.939779749386
6.49	159.261108427551
6.5	161.375666310182
6.51	163.302986327524
6.52	163.351178810399
6.53	163.604543672753
6.54	158.578166176238
6.55	164.456446524291
6.56	162.544138040522
6.57	164.955672398124
6.58	162.449641537964
6.59	162.321562994876
6.6	165.468382965243
6.61	167.133238001657
6.62	163.130530342905
6.63	167.467368946599
6.64	164.891758405132
6.65	164.896436128995
6.66	168.993470211962
6.67	169.501563513815
6.68	164.318076567928
6.69	165.743173700775
6.7	171.049683303045
6.71	165.772251647003
6.72	166.96864028891
6.73	166.529747655494
6.74	169.765854538256
6.75	173.125641486169
6.76	167.837422588902
6.77	174.821400959473
6.78	172.201570676619
6.79	174.252170728882
6.8	171.961582131203
6.81	175.514604156194
6.82	172.485792686338
6.83	174.358709962951
6.84	177.545779519506
6.85	178.561133485627
6.86	176.018981637466
6.87	178.595514518095
6.88	173.202702417265
6.89	179.478194999001
6.9	175.927771846925
6.91	176.029814594618
6.92	178.831973416398
6.93	181.654692026142
6.94	179.054649562091
6.95	182.82230206907
6.96	183.30070512646
6.97	178.057212566922
6.98	182.051019590909
6.99	179.946925822221
7	184.995253097171
7.01	184.78989406991
7.02	179.924170606705
7.03	180.445446668601
7.04	180.503668788527
7.05	181.443099946958
7.06	182.830836131845
7.07	186.157411314056
7.08	188.363380373053
7.09	182.790309967006
7.1	184.109640844426
7.11	186.02172776747
7.12	188.432731123759
7.13	188.055398391728
7.14	189.024672241164
7.15	190.409899524655
7.16	190.083503407393
7.17	190.972048200075
7.18	188.693572064657
7.19	187.692399105038
7.2	192.809130499375
7.21	192.247932128725
7.22	191.495494015075
7.23	194.932204856795
7.24	190.130573425376
7.25	194.789968379759
7.26	197.424585161648
7.27	193.368384074796
7.28	198.0823594758
7.29	194.87163245703
7.3	198.201974415797
7.31	195.890697765164
7.32	197.570852262049
7.33	197.264457401281
7.34	199.830260856657
7.35	199.45486341371
7.36	195.693815789646
7.37	201.72213717323
7.38	198.983787468311
7.39	198.379907369879
7.4	203.361107286709
7.41	199.281677839019
7.42	204.080552316389
7.43	201.081053262304
7.44	203.199610578546
7.45	205.668204444183
7.46	204.293912067754
7.47	200.951561957654
7.48	207.133138547901
7.49	208.160354351204
7.5	208.941424236169
7.51	208.67193478152
7.52	208.76086958729
7.53	210.072172195194
7.54	205.099083979272
7.55	207.652194706786
7.56	208.713711162705
7.57	207.060833804488
7.58	206.689401098613
7.59	211.180368647387
7.6	208.641558979737
7.61	212.935025776583
7.62	210.316747670588
7.63	214.559059547073
7.64	211.601782439292
7.65	212.357628709091
7.66	211.728175465566
7.67	213.000169509557
7.68	214.409164819993
7.69	215.255206672574
7.7	213.95205653596
7.71	214.406319671284
7.72	216.167890933814
7.73	217.104231062405
7.74	220.755610559601
7.75	215.799339762892
7.76	215.302860744727
7.77	218.058818950263
7.78	217.152336460698
7.79	219.785202524059
7.8	222.637066315358
7.81	219.159204209018
7.82	218.480264136674
7.83	225.058955238239
7.84	221.872078756392
7.85	223.91415944937
7.86	225.530886314125
7.87	222.025395592213
7.88	223.821989355414
7.89	227.813656728812
7.9	225.657662815394
7.91	229.753524040567
7.92	224.969942489618
7.93	230.761419426981
7.94	225.289918944483
7.95	228.235454057964
7.96	230.513587549949
7.97	232.779250048196
7.98	232.579347554622
7.99	229.745046079722
8	232.236850765559
8.01	232.664387601832
8.02	231.127662370758
8.03	235.30645733125
8.04	230.161866985106
8.05	235.54994083032
8.06	237.299197056792
8.07	231.766066150344
8.08	235.158291185387
8.09	237.148342657658
8.1	234.678430018947
8.11	234.928031242067
8.12	239.119249722343
8.13	239.301402645637
8.14	236.707153613612
8.15	238.577188534477
8.16	237.187432295201
8.17	239.803137593447
8.18	240.528797518287
8.19	242.023658427982
8.2	244.240305350406
8.21	240.05861817419
8.22	240.279801775239
8.23	241.410370357322
8.24	243.014870722889
8.25	245.275722956879
8.26	247.011325087663
8.27	242.862721358822
8.28	247.13173349381
8.29	248.773983599127
8.3	246.262448301837
8.31	250.418018858533
8.32	248.247173862282
8.33	248.204653862077
8.34	247.812668249887
8.35	249.642869636805
8.36	247.148060647945
8.37	251.375492187164
8.38	251.150199922819
8.39	249.159468734424
8.4	251.525843010482
8.41	249.45153790681
8.42	250.756015815853
8.43	253.74010308909
8.44	257.099097290648
8.45	251.842668370322
8.46	256.394624982327
8.47	258.675474515039
8.48	257.775156212909
8.49	257.207727586784
8.5	257.46020989387
8.51	255.994238208714
8.52	255.643585350984
8.53	261.399424304074
8.54	259.710449150233
8.55	262.180649762474
8.56	258.163106359663
8.57	260.984066639052
8.58	264.144010421733
8.59	263.366018539513
8.6	261.4978086098
8.61	261.717419742686
8.62	265.835219804958
8.63	268.014533700431
8.64	262.888388034945
8.65	263.405363121926
8.66	263.270370901901
8.67	264.332350492305
8.68	265.450203312949
8.69	267.44017844489
8.7	271.955819599481
8.71	272.496922746642
8.72	271.807793395923
8.73	267.924775048174
8.74	272.80550701665
8.75	270.468190450532
8.76	271.260118563446
8.77	275.98368276479
8.78	273.717278270272
8.79	275.375412792276
8.8	274.036251042241
8.81	271.960726254206
8.82	274.28285790882
8.83	278.398289221283
8.84	275.469715635961
8.85	280.701170322385
8.86	276.337471726204
8.87	280.774257147864
8.88	277.733282864664
8.89	277.510514060842
8.9	280.382100797741
8.91	284.169952210258
8.92	278.525348998484
8.93	283.862036107593
8.94	285.862833323097
8.95	281.052448854863
8.96	282.213106387934
8.97	283.326186718399
8.98	287.882121987161
8.99	283.805209776419
9	288.730886839571
9.01	287.117051974459
9.02	288.872731255791
9.03	288.932874223384
9.04	285.064027974163
9.05	292.144342357522
9.06	290.305942709283
9.07	287.232525238901
9.08	289.832768493169
9.09	293.928121983506
9.1	291.185456199012
9.11	289.775263338956
9.12	292.948813912489
9.13	296.266995476863
9.14	295.81038461055
9.15	294.846172588931
9.16	296.086697698013
9.17	296.755005189352
9.18	296.982470596572
9.19	299.725695226822
9.2	298.436495838131
9.21	298.46829322703
9.22	299.471738337377
9.23	296.802968847506
9.24	299.262219120202
9.25	300.866429464033
9.26	299.077164821934
9.27	304.875068797466
9.28	302.59048213011
9.29	301.582973363215
9.3	300.700371472762
9.31	307.179811232244
9.32	306.143061504254
9.33	307.860199339332
9.34	305.024194943329
9.35	309.741943055958
9.36	305.55216694951
9.37	309.617609517717
9.38	311.560909564036
9.39	307.182238543274
9.4	306.718725587433
9.41	307.546778841453
9.42	310.8440949238
9.43	312.631629626698
9.44	311.401967554754
9.45	312.830919717816
9.46	315.051215267491
9.47	311.800637052058
9.48	317.671706140466
9.49	315.867555580135
9.5	318.498988719149
9.51	313.48323536626
9.52	315.719667456331
9.53	318.080098869896
9.54	321.210267834043
9.55	318.439894656476
9.56	316.451903109374
9.57	322.154988155444
9.58	322.154709719056
9.59	324.195552493705
9.6	321.863418793708
9.61	325.900823612382
9.62	326.264036098055
9.63	326.267847650906
9.64	326.367849631674
9.65	322.476037689965
9.66	324.586539955991
9.67	328.524833755642
9.68	328.759290351251
9.69	326.032826553101
9.7	325.634396476179
9.71	326.48373422714
9.72	329.580524043748
9.73	330.790599949168
9.74	328.620026076705
9.75	334.559239384079
9.76	330.707889548247
9.77	329.654317952462
9.78	335.694054393138
9.79	336.237585438883
9.8	333.280863702845
9.81	331.969878445425
9.82	338.565825128077
9.83	333.871675413424
9.84	334.434668157366
9.85	340.15294248423
9.86	341.317700078504
9.87	336.120749769649
9.88	341.802177540571
9.89	340.583478568719
9.9	338.665722539719
9.91	341.563007570469
9.92	339.107776455919
9.93	340.92237946094
9.94	339.825115737977
9.95	344.010699656034
9.96	343.839887286895
9.97	348.460348382945
9.98	348.931283733833
9.99	349.470364635146
10	348.021935647666
