"X"	"Y"
-10	213.343320606689
-9.99	304.506089208228
-9.98	195.236383820131
-9.97	170.148859970057
-9.96	172.425124713925
-9.95	251.989708252861
-9.94	328.425709608806
-9.93	261.797629874549
-9.92	185.204547387558
-9.91	148.075302026391
-9.9	403.31976551549
-9.89	231.307270351811
-9.88	396.824439782528
-9.87	231.093573384384
-9.86	237.8207974456
-9.85	289.036706155026
-9.84	205.190229795475
-9.83	327.050464931118
-9.82	234.82286751266
-9.81	262.974179302866
-9.8	328.873211575662
-9.79	304.360523451311
-9.78	232.531616480873
-9.77	156.836917429367
-9.76	274.575752023528
-9.75	73.7095868027591
-9.74	285.50140743898
-9.73	328.583694826339
-9.72	293.864680169673
-9.71	148.966804822689
-9.7	140.74701030378
-9.69	170.211560526151
-9.68	277.819424537213
-9.67	363.699619108928
-9.66	323.030508988531
-9.65	325.623038331517
-9.64	275.342349300288
-9.63	142.308195424715
-9.62	219.154956129194
-9.61	276.423329212257
-9.6	258.482020671821
-9.59	167.685887605818
-9.58	352.190983318239
-9.57	166.374755412176
-9.56	215.864485822216
-9.55	316.68608770249
-9.54	-48.9046236699493
-9.53	217.046600444908
-9.52	200.188232676496
-9.51	449.979303544248
-9.5	279.600171518961
-9.49	378.817574477223
-9.48	207.575829208057
-9.47	168.988557813785
-9.46	197.378404193423
-9.45	281.147964703071
-9.44	346.631669998212
-9.43	186.364206433026
-9.42	193.682903375008
-9.41	252.224396581477
-9.4	196.943377125803
-9.39	233.720328762859
-9.38	282.633756614855
-9.37	157.184928242134
-9.36	301.845587754741
-9.35	135.748843177712
-9.34	132.249570911144
-9.33	309.675998264909
-9.32	188.189681243269
-9.31	174.400672872105
-9.3	123.215504195317
-9.29	226.612332117096
-9.28	262.761314170643
-9.27	156.364422199192
-9.26	193.570370610498
-9.25	171.572481624375
-9.24	199.410824320128
-9.23	309.116986031081
-9.22	202.506444390117
-9.21	230.209627743797
-9.2	274.660162079285
-9.19	259.285023265715
-9.18	111.260961347071
-9.17	250.813078743511
-9.16	280.254955047484
-9.15	223.150952672973
-9.14	281.192473655394
-9.13	225.101174827181
-9.12	201.999848093061
-9.11	100.751223846693
-9.1	198.467142306897
-9.09	-60.5988777454341
-9.08	295.677442862773
-9.07	141.261470859069
-9.06	229.826897672635
-9.05	270.785538575285
-9.04	195.938334426634
-9.03	360.231356938726
-9.02	276.487691052374
-9.01	219.451081945214
-9	205.250708721843
-8.99	304.880183412046
-8.98	172.041775282507
-8.97	342.718499021711
-8.96	163.937949735183
-8.95	89.5417454003043
-8.94	201.377953518588
-8.93	211.621397868453
-8.92	182.383779790734
-8.91	205.382469032582
-8.9	284.624053217728
-8.89	300.444640092785
-8.88	68.8407838536722
-8.87	137.310760725087
-8.86	235.179351926827
-8.85	151.161997040242
-8.84	400.978374772351
-8.83	291.133044752315
-8.82	122.258345030271
-8.81	259.730634781755
-8.8	15.6340914439578
-8.79	189.451010152706
-8.78	101.402750766849
-8.77	50.7810253532365
-8.76	106.497237509642
-8.75	251.713776085026
-8.74	133.938822638376
-8.73	131.834763530669
-8.72	112.737574207426
-8.71	228.106425291792
-8.7	115.052982171382
-8.69	324.924397618708
-8.68	175.238007594099
-8.67	17.919152665131
-8.66	294.602830438551
-8.65	265.064299696591
-8.64	330.979978126636
-8.63	242.231648113518
-8.62	108.255787937824
-8.61	225.977101421065
-8.6	176.008419418006
-8.59	132.079611089797
-8.58	340.232927579842
-8.57	270.431132725265
-8.56	248.194129030895
-8.55	127.854369820958
-8.54	189.63400931838
-8.53	221.160841272699
-8.52	305.304584494392
-8.51	122.846130514119
-8.5	85.9212785475428
-8.49	38.138114452173
-8.48	175.026067165203
-8.47	1.18272510141543
-8.46	223.371933559965
-8.45	121.798616519753
-8.44	338.858597711863
-8.43	107.317577224876
-8.42	100.2758739457
-8.41	97.6340173846973
-8.4	351.582201293496
-8.39	181.967752903542
-8.38	216.158526826619
-8.37	172.037969021666
-8.36	253.418780925375
-8.35	211.381556047658
-8.34	367.516764244407
-8.33	291.085315665909
-8.32	309.659949963096
-8.31	181.128388678239
-8.3	20.8637898884356
-8.29	-16.42142003893
-8.28	199.12482011218
-8.27	132.924632535091
-8.26	295.841626264426
-8.25	308.843476646872
-8.24	178.137256541283
-8.23	218.687159855669
-8.22	291.630729251806
-8.21	226.831181334455
-8.2	192.585831458416
-8.19	140.493318381969
-8.18	84.4625797191631
-8.17	143.949251923983
-8.16	195.733908507953
-8.15	160.34779821977
-8.14	166.577937901316
-8.13	225.296440357407
-8.12	347.28633963044
-8.11	227.864516729267
-8.1	172.996197520008
-8.09	182.511659433529
-8.08	111.423296531348
-8.07	60.0681395573241
-8.06	53.5678638512007
-8.05	217.537499132454
-8.04	239.733622293159
-8.03	231.995677640859
-8.02	254.444669519779
-8.01	224.932621552154
-8	140.811272252759
-7.99	112.598496988996
-7.98	133.603009581754
-7.97	160.094435550208
-7.96	181.184744216583
-7.95	135.764664046343
-7.94	65.1868586739535
-7.93	142.066553103431
-7.92	115.883932056609
-7.91	161.979748676703
-7.9	112.85890751176
-7.89	208.069793289144
-7.88	96.9916752234954
-7.87	189.805896491611
-7.86	315.213715597197
-7.85	222.333861234076
-7.84	68.1456467556321
-7.83	64.5150155119057
-7.82	123.013373432031
-7.81	112.658928988925
-7.8	146.40022577913
-7.79	190.410284880984
-7.78	264.873285674075
-7.77	-47.4371974721359
-7.76	92.0205016481865
-7.75	49.4771538049922
-7.74	89.9725931803438
-7.73	172.838286791122
-7.72	81.5711101650178
-7.71	139.877517876177
-7.7	208.872823539573
-7.69	178.341593044701
-7.68	137.111899284503
-7.67	146.240232371942
-7.66	105.301088106091
-7.65	258.35729022578
-7.64	98.3888921922106
-7.63	184.595974125728
-7.62	135.427458648629
-7.61	224.123421354697
-7.6	24.5609294653053
-7.59	359.818262949151
-7.58	123.038147579909
-7.57	200.487248688719
-7.56	195.570038184472
-7.55	167.554264261185
-7.54	5.14707957519602
-7.53	63.1787147299852
-7.52	90.5600865677557
-7.51	110.288573212383
-7.5	6.94709168491991
-7.49	89.502859539277
-7.48	237.225060483808
-7.47	207.460986297923
-7.46	95.1732390066077
-7.45	118.249887849082
-7.44	129.334135412936
-7.43	94.8741564581657
-7.42	281.765338886924
-7.41	98.0402312958368
-7.4	154.755375217211
-7.39	167.917165697558
-7.38	167.792791811644
-7.37	128.926056269278
-7.36	303.753211331903
-7.35	127.977163539683
-7.34	49.5658617711929
-7.33	215.935578507024
-7.32	191.113339957458
-7.31	25.1703438856782
-7.3	58.6135206379507
-7.29	18.3542226116366
-7.28	53.2890652712573
-7.27	313.073203497989
-7.26	166.49423075506
-7.25	173.308438247781
-7.24	19.5841688395144
-7.23	28.801205033278
-7.22	56.1946873318211
-7.21	152.973270368043
-7.2	219.83611101967
-7.19	83.5450624206433
-7.18	212.210338010619
-7.17	95.0583126991031
-7.16	208.330755413942
-7.15	197.024312291536
-7.14	76.2631197853057
-7.13	244.985747274063
-7.12	-32.7824734381723
-7.11	172.51955461219
-7.1	100.76806929207
-7.09	-46.9000699012162
-7.08	155.296641200378
-7.07	30.0549908014545
-7.06	80.8943945804996
-7.05	204.82107979681
-7.04	95.3104344208654
-7.03	145.715183984379
-7.02	132.937755775976
-7.01	-22.8751169093728
-7	172.468814433199
-6.99	111.880985466472
-6.98	116.366135257391
-6.97	152.522441758131
-6.96	86.6530564965106
-6.95	20.7994100941833
-6.94	169.376924949502
-6.93	144.013792249099
-6.92	63.9843724066638
-6.91	128.904025530062
-6.9	186.974536870524
-6.89	204.768698497323
-6.88	220.97291718118
-6.87	190.206681003819
-6.86	27.2330489311091
-6.85	111.552074266738
-6.84	54.0207474515173
-6.83	-31.9690778193532
-6.82	97.9892388729856
-6.81	234.908430832988
-6.8	60.8823813721905
-6.79	174.559938851756
-6.78	128.946858050741
-6.77	183.875301913361
-6.76	204.006225685159
-6.75	49.9883074818349
-6.74	71.6052163417363
-6.73	116.839030670231
-6.72	122.886443613152
-6.71	229.11629723971
-6.7	104.622460123172
-6.69	173.28482589525
-6.68	57.7282747973464
-6.67	161.562274656337
-6.66	129.810770057678
-6.65	307.178080604117
-6.64	50.4212553757298
-6.63	157.56968838739
-6.62	208.831583685658
-6.61	173.688517676781
-6.6	-73.4639921908818
-6.59	26.9156917244287
-6.58	75.4327341924873
-6.57	97.2991739421136
-6.56	117.887053043656
-6.55	213.805944995331
-6.54	133.542621468198
-6.53	47.0575938635662
-6.52	6.46194245356473
-6.51	-40.0696875180681
-6.5	28.8216792536515
-6.49	233.018528746992
-6.48	241.814777085144
-6.47	126.212176216013
-6.46	89.7523878571548
-6.45	218.550843493166
-6.44	150.184397075664
-6.43	295.853915868725
-6.42	224.537864387326
-6.41	150.334657437474
-6.4	-27.6741743609871
-6.39	-35.5998544025904
-6.38	261.488314328211
-6.37	152.091864275618
-6.36	158.037821250776
-6.35	42.5574666466284
-6.34	-50.4502440850737
-6.33	93.1371751547906
-6.32	120.61438615111
-6.31	6.81814147661382
-6.3	89.4755369573149
-6.29	73.9945518693282
-6.28	-42.7931985549671
-6.27	130.346552354368
-6.26	109.98956476595
-6.25	65.3208749808494
-6.24	69.6013500953951
-6.23	166.396348415673
-6.22	77.8103930715177
-6.21	-9.44939484063549
-6.2	-64.5726832763541
-6.19	202.418083322493
-6.18	225.73377729463
-6.17	284.848351188041
-6.16	93.9142411693282
-6.15	158.542635221621
-6.14	211.829180422596
-6.13	68.8443256008413
-6.12	179.49152692695
-6.11	191.283705239084
-6.1	114.085123253778
-6.09	7.25649216223465
-6.08	-5.38857622275027
-6.07	122.424837933306
-6.06	116.189630001422
-6.05	31.3203870507773
-6.04	-10.3949910159392
-6.03	68.6494680631749
-6.02	26.6169612992175
-6.01	124.769125494812
-6	75.5084896069302
-5.99	117.337367275516
-5.98	99.5309910080005
-5.97	68.5396286116387
-5.96	-7.0661126523471
-5.95	23.1972278783539
-5.94	110.536811420923
-5.93	124.537247593358
-5.92	95.997570059195
-5.91	137.383630894797
-5.9	-45.7762586376859
-5.89	-50.1041635092045
-5.88	18.4740968203514
-5.87	192.928608826915
-5.86	-27.1414300311046
-5.85	16.845307796553
-5.84	99.7885812863116
-5.83	244.923706035722
-5.82	137.571687041646
-5.81	41.4806679688057
-5.8	29.6603459400699
-5.79	-77.4551704601539
-5.78	188.31962303203
-5.77	198.840013776934
-5.76	153.904776814858
-5.75	119.075540606532
-5.74	-31.3668184853301
-5.73	114.535622894523
-5.72	3.67737072765527
-5.71	92.1269522796022
-5.7	-42.5435492281936
-5.69	170.112523352445
-5.68	209.164368487904
-5.67	90.0664355090212
-5.66	167.38034612395
-5.65	132.210741217086
-5.64	116.299391994037
-5.63	131.448683854384
-5.62	-39.5110538688458
-5.61	-4.44954744698293
-5.6	79.7279064770402
-5.59	14.6005339730028
-5.58	41.8441146876603
-5.57	-4.75363954264193
-5.56	75.3368006742141
-5.55	-22.5894312892085
-5.54	111.739826684836
-5.53	-15.8484512732344
-5.52	48.5106824658262
-5.51	87.0722872986079
-5.5	33.5198068339368
-5.49	278.098105903455
-5.48	156.53152218127
-5.47	-73.2207050336526
-5.46	96.7400536951894
-5.45	61.7263721474314
-5.44	132.455698595655
-5.43	81.7195430760921
-5.42	86.5035671224131
-5.41	175.058647960591
-5.4	134.042947015778
-5.39	112.064853600937
-5.38	116.459562240728
-5.37	110.098008391228
-5.36	0.689698638271494
-5.35	215.23868581119
-5.34	149.075931805047
-5.33	168.255040781939
-5.32	67.7056167510621
-5.31	75.9837622914027
-5.3	63.6351221989791
-5.29	118.138723632914
-5.28	17.6041379883584
-5.27	13.5037161755599
-5.26	112.389297714667
-5.25	36.3656713805371
-5.24	75.8005333687174
-5.23	-30.0336102384893
-5.22	64.9502864104213
-5.21	223.454521095994
-5.2	-23.7765198186171
-5.19	22.0491929224285
-5.18	138.893622848736
-5.17	95.7103595375708
-5.16	-55.5951144706994
-5.15	7.94078411501671
-5.14	-111.961120816511
-5.13	210.769010726977
-5.12	48.8142263013772
-5.11	102.137478529628
-5.1	93.7009165140047
-5.09	47.2791639927686
-5.08	151.68380997117
-5.07	83.6623282256069
-5.06	238.344396586921
-5.05	111.447252448447
-5.04	-54.192749614774
-5.03	-1.98600421811879
-5.02	-53.7268687966914
-5.01	-65.4711329357724
-5	126.531072481808
-4.99	109.912246775813
-4.98	335.834374744815
-4.97	27.7845673134713
-4.96	-13.6033944985242
-4.95	100.248339008159
-4.94	-39.677425145324
-4.93	118.869033787311
-4.92	58.4704489338143
-4.91	-12.0403756671321
-4.9	90.7913858466963
-4.89	71.0527140418673
-4.88	89.0542370018005
-4.87	98.2748255879794
-4.86	-51.5278254173821
-4.85	128.681979547
-4.84	0.564857540557448
-4.83	64.7527310295127
-4.82	1.16253236309186
-4.81	-40.0728341377396
-4.8	73.4325531414846
-4.79	-58.5001223333568
-4.78	39.0782744196134
-4.77	92.3595608044534
-4.76	96.3194722355096
-4.75	-46.0013993415878
-4.74	8.23346615337413
-4.73	132.687173192761
-4.72	-31.6138878324378
-4.71	180.806839200334
-4.7	118.343920873698
-4.69	-52.2693147262025
-4.68	-17.6199817074026
-4.67	105.048760447555
-4.66	-25.5002126069055
-4.65	-66.922417242214
-4.64	187.902011244365
-4.63	188.506629383712
-4.62	106.085656742501
-4.61	51.1474513508621
-4.6	82.1029604700064
-4.59	51.2831857645099
-4.58	223.206154477094
-4.57	28.6686720608175
-4.56	82.945032314301
-4.55	17.6194399875013
-4.54	72.8467900029736
-4.53	26.6972112609461
-4.52	159.628912146342
-4.51	172.748984537697
-4.5	-139.99103299894
-4.49	35.2882622156891
-4.48	141.610216458797
-4.47	7.60187369621597
-4.46	15.1809618868035
-4.45	24.0007761760573
-4.44	11.0815354675327
-4.43	-95.8660981264704
-4.42	145.8587632524
-4.41	197.388517403451
-4.4	68.3196818104414
-4.39	71.7683668615978
-4.38	129.766452466503
-4.37	8.1937715768988
-4.36	22.1385307280448
-4.35	61.8291554539894
-4.34	122.348996757644
-4.33	176.232710880914
-4.32	201.461942083821
-4.31	-57.6438919422952
-4.3	-99.5329457652846
-4.29	-1.15065710674255
-4.28	-156.743109432537
-4.27	50.1108464735398
-4.26	107.65064423404
-4.25	141.42208060331
-4.24	-25.720486700711
-4.23	78.9949006013924
-4.22	142.922146675598
-4.21	4.43547122094832
-4.2	73.3882988725657
-4.19	117.305663176422
-4.18	10.318559320669
-4.17	8.71528024647531
-4.16	-16.5990620556579
-4.15	102.783504887949
-4.14	-135.793698486046
-4.13	81.0590725634598
-4.12	-107.601552154899
-4.11	87.8092341373816
-4.1	-35.3229298922394
-4.09	29.6626841787336
-4.08	96.8714069419855
-4.07	143.990163659435
-4.06	34.2774093997736
-4.05	269.658984240807
-4.04	140.348120847053
-4.03	82.1293724127878
-4.02	-47.6856071360262
-4.01	-42.9732719046779
-4	146.405100809072
-3.99	162.225956871512
-3.98	0.815608217725938
-3.97	61.0467004514946
-3.96	28.593638075276
-3.95	-42.122222334641
-3.94	14.2752361219591
-3.93	45.5368077540106
-3.92	46.036181592622
-3.91	14.721011150828
-3.9	26.0981680126359
-3.89	213.380799390033
-3.88	42.1888481457618
-3.87	30.6141086776168
-3.86	86.7322217765977
-3.85	108.929577584754
-3.84	48.060846487905
-3.83	95.1870693350307
-3.82	-92.3437750098761
-3.81	127.96898760272
-3.8	52.6865497829404
-3.79	-55.8227623653085
-3.78	19.7743122961565
-3.77	73.3532069157425
-3.76	37.5388778735109
-3.75	-7.49138244524561
-3.74	-16.9759975686102
-3.73	63.6818629278664
-3.72	-110.00192528851
-3.71	18.1063404211806
-3.7	16.9831788588231
-3.69	-100.670048266283
-3.68	-44.701342072158
-3.67	-29.9902799053556
-3.66	25.1508190828066
-3.65	163.492692122102
-3.64	-76.1846812914055
-3.63	-120.514251957824
-3.62	30.8381552387688
-3.61	132.925938771102
-3.6	85.4187561533537
-3.59	2.90259513691698
-3.58	88.5978295175339
-3.57	7.49941913018704
-3.56	-35.3017385932157
-3.55	88.1267873681246
-3.54	9.44129122209076
-3.53	-68.1138798299196
-3.52	173.057528550238
-3.51	50.4804741797271
-3.5	-0.164372654051181
-3.49	216.731440196742
-3.48	28.3558944514986
-3.47	27.8353229188888
-3.46	39.4613436811689
-3.45	-3.65067824347675
-3.44	-13.7073737673189
-3.43	87.7842668196942
-3.42	186.002607534741
-3.41	-188.164168701873
-3.4	-6.96724007140536
-3.39	32.6951248204093
-3.38	53.2904790056707
-3.37	-126.958961680367
-3.36	124.739349811114
-3.35	-168.548683640754
-3.34	48.580081141805
-3.33	171.006722247378
-3.32	100.748390853861
-3.31	-6.23918251825312
-3.3	20.5943085815132
-3.29	-76.9383289386675
-3.28	-23.5877192251104
-3.27	10.7745252849857
-3.26	-41.642559071536
-3.25	91.2913031037862
-3.24	-16.2981834029463
-3.23	251.39828627176
-3.22	31.1061090771062
-3.21	-61.8942995510569
-3.2	185.32152260668
-3.19	62.9987962212957
-3.18	109.284031057896
-3.17	32.3067017589891
-3.16	-4.9845688384402
-3.15	44.8246057680506
-3.14	3.90856711309499
-3.13	66.9634041037206
-3.12	-46.3470351011775
-3.11	-93.4192984647608
-3.1	35.1776816094203
-3.09	-47.7970706739346
-3.08	26.4706117870222
-3.07	58.8528486315679
-3.06	-6.62662342850659
-3.05	-103.05730431994
-3.04	-113.615297158136
-3.03	3.79005625407962
-3.02	36.1778018337708
-3.01	88.0940632331943
-3	-61.0132584535297
-2.99	209.26256018108
-2.98	-22.1224409899653
-2.97	168.343250867317
-2.96	62.787332801639
-2.95	16.8293095629075
-2.94	-1.8360568755663
-2.93	10.249409399839
-2.92	-134.139780422666
-2.91	108.810223570053
-2.9	0.536475149680363
-2.89	85.5130258126933
-2.88	17.4889261423297
-2.87	-59.9515008137806
-2.86	-18.4454697385436
-2.85	33.2724935112883
-2.84	82.7670267156242
-2.83	29.7340937192291
-2.82	11.4960940585103
-2.81	-94.693746143032
-2.8	61.0866720978566
-2.79	-43.2838919932994
-2.78	-44.0127875258089
-2.77	-53.3409002480093
-2.76	-11.8940666214447
-2.75	-132.907137446587
-2.74	91.1531435829294
-2.73	-38.8364977396543
-2.72	1.20815601129505
-2.71	40.6566356721474
-2.7	84.8674612344783
-2.69	18.0630376615618
-2.68	97.351494880811
-2.67	88.5110684919722
-2.66	61.3524706299318
-2.65	2.43375319293423
-2.64	-7.61541467566515
-2.63	-67.8654044720431
-2.62	204.540700671531
-2.61	111.514624498585
-2.6	79.5248813805305
-2.59	18.4804838588348
-2.58	144.058648659847
-2.57	61.6765869110687
-2.56	67.1074719388673
-2.55	24.5906547957087
-2.54	83.4823423200314
-2.53	-58.6378739340843
-2.52	37.7115580205897
-2.51	-30.6361243560908
-2.5	-41.277893145899
-2.49	106.625988248782
-2.48	56.8460181357464
-2.47	-29.2610855332248
-2.46	-80.3090339599941
-2.45	58.5145917984864
-2.44	-28.7732119647806
-2.43	-4.27023585097099
-2.42	1.57992406098748
-2.41	-68.5195496215284
-2.4	-87.8819970565068
-2.39	-48.3856108797165
-2.38	-21.3971042924212
-2.37	-140.511845124486
-2.36	50.2697096634452
-2.35	-6.24001998766973
-2.34	-56.5189370486827
-2.33	-56.7199472581969
-2.32	52.33046352459
-2.31	-61.5961301019723
-2.3	172.282477884506
-2.29	85.8805319306504
-2.28	22.2368022755924
-2.27	-126.705392888457
-2.26	42.2029617332127
-2.25	28.3585406218588
-2.24	-66.8803553868684
-2.23	149.766917762993
-2.22	-112.669872315247
-2.21	76.8448485995863
-2.2	37.3646994275041
-2.19	-108.878751833934
-2.18	-129.386273314099
-2.17	52.7480953237306
-2.16	-31.6911988117162
-2.15	36.7794243706383
-2.14	75.1500500437081
-2.13	-97.4996607741736
-2.12	6.87853134597939
-2.11	104.566468393666
-2.1	-2.26644180000084
-2.09	212.158459523853
-2.08	49.4621494307119
-2.07	111.089184876722
-2.06	84.6400139298149
-2.05	37.4019195118105
-2.04	67.1096546805027
-2.03	-35.5157798754274
-2.02	16.4278414344153
-2.01	-104.006565703751
-2	-49.3159525965657
-1.99	-122.767073492391
-1.98	-162.525904758033
-1.97	41.4981906057736
-1.96	-45.0025330163977
-1.95	113.066244149307
-1.94	72.9236750329168
-1.93	11.3514931374651
-1.92	-42.1985316509411
-1.91	-6.75341105052879
-1.9	68.5493488064559
-1.89	27.7089936650793
-1.88	-34.8289969742823
-1.87	-91.0618220188529
-1.86	58.1816742501292
-1.85	4.68717513711691
-1.84	81.695478598359
-1.83	39.0895470208327
-1.82	-91.5411324426101
-1.81	-9.39818074421495
-1.8	-74.2264952079227
-1.79	-86.627866656018
-1.78	-50.5630053278673
-1.77	46.6745519872593
-1.76	23.2460344097739
-1.75	34.5301738994059
-1.74	77.4873910020943
-1.73	-111.712015931173
-1.72	51.0214484231022
-1.71	-26.6664789827384
-1.7	-24.53233074283
-1.69	76.8786807120782
-1.68	115.150793067484
-1.67	63.390245890594
-1.66	-37.4201334286922
-1.65	79.3302109750986
-1.64	-36.6827512371067
-1.63	-106.507684046044
-1.62	73.4914086966363
-1.61	-47.9642496680877
-1.6	-68.4081082768743
-1.59	61.0471948679083
-1.58	93.0255550495618
-1.57	-100.216041988728
-1.56	-6.46296824302761
-1.55	-183.778053954727
-1.54	101.281957953047
-1.53	-28.3683471151789
-1.52	-23.3012773734831
-1.51	-23.3614338461203
-1.5	-26.10409994923
-1.49	-84.4831612477728
-1.48	-89.7720475583752
-1.47	-59.5710753020015
-1.46	-38.4082915573972
-1.45	89.6284085923255
-1.44	-111.225000522063
-1.43	92.1706446428118
-1.42	35.0993867290644
-1.41	63.5251664410929
-1.4	-69.9360359312234
-1.39	17.2459905343219
-1.38	66.8611684320869
-1.37	-82.8289598939013
-1.36	-54.2809648352584
-1.35	60.1952484413086
-1.34	-68.1348452810491
-1.33	53.6837489804632
-1.32	-178.115143499751
-1.31	-19.580449830788
-1.3	28.0126646951366
-1.29	72.6535064331694
-1.28	61.7426289275574
-1.27	151.225623420898
-1.26	33.4218422129016
-1.25	-34.7627281948399
-1.24	93.0908850125073
-1.23	-7.0728686272275
-1.22	38.799738173439
-1.21	10.7468122544776
-1.2	-16.0452055600471
-1.19	87.1863883646745
-1.18	7.32428166635812
-1.17	7.26694592067466
-1.16	89.5661541989131
-1.15	54.1987195521936
-1.14	24.546690865144
-1.13	-81.3508711597824
-1.12	-32.1377136816741
-1.11	17.550992352929
-1.1	16.3093014560236
-1.09	-2.81295078936213
-1.08	148.467375491164
-1.07	-28.4479586811333
-1.06	-73.0784815990461
-1.05	-15.6788017872905
-1.04	-26.0377193243618
-1.03	-43.8178291259523
-1.02	-47.8449810421936
-1.01	122.412447372064
-1	105.764055911843
-0.99	23.4609841268494
-0.98	34.9283869330414
-0.970000000000001	-37.5947429984311
-0.959999999999999	60.1403315862331
-0.949999999999999	-49.6383574001249
-0.94	39.0220175681173
-0.93	7.65168561242517
-0.92	-15.3928277250356
-0.91	209.695611382955
-0.9	57.4040367560319
-0.890000000000001	-3.19532148323339
-0.879999999999999	65.9397047684179
-0.869999999999999	85.7016551400523
-0.859999999999999	-65.8751902918562
-0.85	147.978503266049
-0.84	-11.4554449650339
-0.83	-60.4671358154665
-0.82	-49.7718582056395
-0.81	84.6136741189678
-0.799999999999999	94.1420449024703
-0.789999999999999	-18.8504252870205
-0.779999999999999	40.4640768430693
-0.77	-173.390941994637
-0.76	73.5679716136674
-0.75	61.1770289364414
-0.74	41.4134009539608
-0.73	-106.833768988157
-0.720000000000001	122.306539014389
-0.709999999999999	-79.1385223213795
-0.699999999999999	-23.3304640037525
-0.69	-98.4174409254497
-0.68	114.02289412703
-0.67	11.8638912270892
-0.66	94.3806770116666
-0.65	-144.876354886797
-0.640000000000001	-61.4707840336425
-0.629999999999999	-56.303873207301
-0.619999999999999	-116.749367364558
-0.609999999999999	-202.690076493992
-0.6	79.067357103411
-0.59	89.5251168647106
-0.58	-68.8658275443047
-0.57	33.6290771509553
-0.56	-51.985668593183
-0.549999999999999	94.3106716113766
-0.539999999999999	10.5419103323566
-0.529999999999999	73.6492249947313
-0.52	114.585204112383
-0.51	76.9105305747623
-0.5	68.3552616233957
-0.49	15.185716471781
-0.48	31.3568337610514
-0.470000000000001	-75.3823073153895
-0.459999999999999	127.059570063804
-0.449999999999999	50.5043129956057
-0.44	-50.764583739254
-0.43	-11.974069461084
-0.42	71.7569646583536
-0.41	9.06350022488137
-0.4	58.4662239192243
-0.390000000000001	57.4439396875042
-0.379999999999999	72.40198631662
-0.369999999999999	18.3699653013133
-0.359999999999999	-6.31570183468684
-0.35	-101.659177463307
-0.34	-4.0468413038496
-0.33	25.5797629283555
-0.32	-23.5318670522796
-0.31	17.6519827548578
-0.299999999999999	15.3710535189523
-0.289999999999999	-112.576197071825
-0.279999999999999	-65.1975176481714
-0.27	-39.7287468221184
-0.26	30.4264504195617
-0.25	-5.88475503802472
-0.24	142.800803517303
-0.23	22.6943091205031
-0.220000000000001	54.7970950369087
-0.209999999999999	-115.489950684672
-0.199999999999999	145.548482390972
-0.19	-26.6271868579133
-0.18	-31.6107779101353
-0.17	-81.297895861465
-0.16	-30.9301533358312
-0.15	3.55255794984801
-0.140000000000001	128.385089264046
-0.129999999999999	-4.23528888919696
-0.119999999999999	88.7052805647943
-0.109999999999999	184.591821973299
-0.0999999999999996	18.4109111911598
-0.0899999999999999	-21.1593969313623
-0.0800000000000001	59.4351445485516
-0.0700000000000003	12.318858583488
-0.0600000000000005	-60.5813610564734
-0.0499999999999989	1.92384060971128
-0.0399999999999991	79.5290770334519
-0.0299999999999994	-60.3726496130465
-0.0199999999999996	4.32855624789491
-0.00999999999999979	93.4030847801897
0	36.5377717860564
0.00999999999999979	-82.5549240456665
0.0199999999999996	-79.7989465229158
0.0299999999999994	65.3666992058353
0.0400000000000009	-3.48239860816567
0.0500000000000007	19.1873286996269
0.0600000000000005	150.940450939117
0.0700000000000003	22.7504438155942
0.0800000000000001	16.6275985697342
0.0899999999999999	61.1606923627213
0.0999999999999996	107.056911002776
0.109999999999999	-106.271445829226
0.120000000000001	-53.8651557614138
0.130000000000001	92.5785609054375
0.140000000000001	98.5338055680913
0.15	-28.8332010212753
0.16	-33.2652474269939
0.17	-88.4491765198531
0.18	-142.135806235191
0.19	-87.1047738888446
0.200000000000001	71.4816729848044
0.210000000000001	-3.13875417578989
0.220000000000001	-135.30064925394
0.23	-29.0014555488212
0.24	22.2918638775838
0.25	-144.930585194874
0.26	-43.2008877477527
0.27	-80.8226074486069
0.279999999999999	68.9957883814612
0.290000000000001	-117.965957839396
0.300000000000001	36.8449682327872
0.31	-158.547892181695
0.32	-93.2975920369444
0.33	49.2947341038292
0.34	-52.3464087946622
0.35	11.0546769427148
0.359999999999999	9.96217044444326
0.370000000000001	89.5613944449701
0.380000000000001	48.65829901175
0.390000000000001	-106.694404551779
0.4	-5.79696209373922
0.41	-27.435987833543
0.42	47.1122126712437
0.43	33.2349444965065
0.44	-91.9717041501399
0.450000000000001	-60.1438114207092
0.460000000000001	29.4967365168425
0.470000000000001	-125.902818033033
0.48	-42.4974543347401
0.49	99.3222984473625
0.5	110.585699504025
0.51	-29.6753228428631
0.52	53.9242353430067
0.529999999999999	102.290474121193
0.540000000000001	70.7336543512103
0.550000000000001	-110.668931796171
0.56	40.764040307121
0.57	10.9510944240403
0.58	-131.422730831109
0.59	-73.4958421427661
0.6	14.0825083051698
0.609999999999999	-76.3847221812235
0.620000000000001	-71.0144238076733
0.630000000000001	-38.6544184716769
0.640000000000001	48.6922497453429
0.65	-34.6100348002195
0.66	74.2853694002252
0.67	50.3865131308854
0.68	63.7847616358373
0.69	4.3618652450744
0.700000000000001	-35.7732041355521
0.710000000000001	-58.3597708013715
0.720000000000001	30.7146048826998
0.73	144.432993048002
0.74	-35.1804000485415
0.75	174.352998077857
0.76	-16.3250443283556
0.77	-39.4563737274225
0.779999999999999	-129.746772787093
0.790000000000001	21.6354218229989
0.800000000000001	-129.479029531366
0.81	-19.0604074506332
0.82	-28.0713439871128
0.83	0.979036733696249
0.84	-70.8482982582118
0.85	225.816427936213
0.859999999999999	-36.0195112966954
0.870000000000001	-7.52678032498206
0.880000000000001	13.3066492648204
0.890000000000001	108.399846432164
0.9	31.5132346967714
0.91	68.7976544581184
0.92	65.8223319752815
0.93	2.16292351709794
0.94	3.62885416742985
0.950000000000001	-61.273970405716
0.960000000000001	186.76173720446
0.970000000000001	-80.3735704699373
0.98	-43.3904470612519
0.99	-12.6309667852133
1	42.9102244051469
1.01	-28.3541166109915
1.02	-61.2983514387659
1.03	12.315268417878
1.04	2.50262639107036
1.05	1.67236474977179
1.06	113.738216002437
1.07	25.5071562291063
1.08	-41.7760266116176
1.09	-8.22595262609754
1.1	-2.91283205014975
1.11	35.3517243096557
1.12	-27.6986199446845
1.13	56.9643896507187
1.14	108.899490961227
1.15	54.2787608139152
1.16	-37.4120964344617
1.17	-0.815749029277551
1.18	-63.4439652766907
1.19	-33.2457772405718
1.2	-21.8370559365684
1.21	89.8454954563328
1.22	-11.936497800064
1.23	7.90517627788724
1.24	20.947970169665
1.25	29.1524646607423
1.26	1.32120702216276
1.27	-72.1044176728418
1.28	-14.1545205961745
1.29	-53.0398934681975
1.3	-55.2535341638259
1.31	96.5663911336346
1.32	-10.4844906350167
1.33	-266.580523067123
1.34	13.8923515593454
1.35	13.2427746132892
1.36	-101.416103759344
1.37	35.5883388508749
1.38	61.450456646709
1.39	37.2537750450765
1.4	25.4816849941188
1.41	-47.4359440395099
1.42	-61.7526826861217
1.43	107.504739905253
1.44	39.0546763468997
1.45	24.7271002051034
1.46	-39.7259637300091
1.47	-43.6307997238624
1.48	-69.0769308225368
1.49	-25.8772983450675
1.5	-67.3588063097238
1.51	79.2687374584298
1.52	-78.8399109263312
1.53	-73.8068535864961
1.54	74.9793259078685
1.55	74.7016287266043
1.56	28.3953180755648
1.57	63.493554749339
1.58	99.5532532413242
1.59	-13.5003620448688
1.6	8.69179656472369
1.61	66.5383061725652
1.62	3.19444818235632
1.63	1.98549760426658
1.64	8.08504536736058
1.65	13.9439541207613
1.66	121.433872135379
1.67	-62.1768424113922
1.68	-58.6339311840818
1.69	91.4162860860259
1.7	1.77728033628496
1.71	13.2287229643577
1.72	-61.6810435353657
1.73	60.1763071011111
1.74	109.137576751937
1.75	-18.5812428164886
1.76	74.2105524672419
1.77	-8.99450297960889
1.78	-29.3074064127207
1.79	-25.567190871191
1.8	-92.216453832803
1.81	29.5498134641609
1.82	-13.8813240732134
1.83	-12.8302422712896
1.84	114.462259174975
1.85	-29.6324083240373
1.86	36.8234247276912
1.87	-143.644624720389
1.88	0.996029467228592
1.89	158.48918348527
1.9	162.302205139655
1.91	-62.0253912534831
1.92	58.1202746585831
1.93	140.932501939245
1.94	13.9336480213488
1.95	-33.5812031610828
1.96	38.0907404751925
1.97	-196.273275081294
1.98	64.0599928082311
1.99	26.6328583447232
2	-6.77616621808908
2.01	130.103860971141
2.02	-32.2136757669657
2.03	204.295091638218
2.04	-31.6861532984702
2.05	-103.381271295809
2.06	-127.783888125706
2.07	-23.2319597605782
2.08	125.46486531003
2.09	14.779761554874
2.1	39.5677089971861
2.11	139.899217130205
2.12	10.2059158299085
2.13	-44.2239349987578
2.14	21.6787567189477
2.15	53.83305479931
2.16	-117.173586656065
2.17	-51.5122649955523
2.18	160.981820870059
2.19	-66.700572477754
2.2	43.9571375972156
2.21	-98.0671807838613
2.22	67.1602139424698
2.23	21.7103943621749
2.24	133.55344253133
2.25	-125.0467059883
2.26	-121.288575015803
2.27	25.7258405260521
2.28	83.0388241963585
2.29	142.091650933968
2.3	27.8255755119113
2.31	83.0144180802871
2.32	15.1151631115282
2.33	-57.431517672062
2.34	-83.0292041497486
2.35	41.2163046428491
2.36	-17.9906846156366
2.37	-136.587933686189
2.38	21.6920861825716
2.39	97.3996444506385
2.4	83.4568642694068
2.41	113.205660334722
2.42	36.2897079412433
2.43	9.17610683872173
2.44	-7.55181413121563
2.45	36.3792708931348
2.46	28.2975816376513
2.47	36.8727745567693
2.48	166.568982172666
2.49	160.503418834428
2.5	86.1024601544718
2.51	-52.1626580985098
2.52	25.1523596907257
2.53	145.199133261024
2.54	-105.110510674545
2.55	-48.1809006237126
2.56	-2.62442269748991
2.57	45.243867467868
2.58	9.18012844748794
2.59	139.58065213397
2.6	-15.175161205285
2.61	6.73782765269015
2.62	-42.2496561519236
2.63	-43.6153414428143
2.64	66.0858619144638
2.65	78.1264114270937
2.66	212.032480293001
2.67	99.5149112222178
2.68	101.773857462481
2.69	89.3787321262983
2.7	87.9993157306134
2.71	149.725446770648
2.72	-62.9580928713612
2.73	-16.6324564626536
2.74	-21.4182287085664
2.75	70.0457682378197
2.76	6.94596631507922
2.77	-33.5405384395388
2.78	-108.410388201612
2.79	-30.3679002473521
2.8	177.944971077841
2.81	34.5542736711354
2.82	-128.051462707747
2.83	-36.400724858576
2.84	59.9519650690723
2.85	56.800680533032
2.86	87.8616501949683
2.87	66.6285189847376
2.88	74.8759614891552
2.89	2.40263661051054
2.9	3.82733970272696
2.91	59.7246642933441
2.92	78.7130012094441
2.93	171.419921712614
2.94	-5.24992165288872
2.95	154.084936264581
2.96	101.74479960748
2.97	236.968833187711
2.98	-62.7461072158613
2.99	31.7281565624338
3	58.5173281147497
3.01	16.7683954427383
3.02	-16.2389672195001
3.03	38.4417420365904
3.04	84.075018771142
3.05	38.2324673278266
3.06	108.151987581337
3.07	-20.0284806041215
3.08	-67.8907603156835
3.09	64.5006656244577
3.1	20.2223955176859
3.11	60.2561907763201
3.12	-1.20668470031286
3.13	71.7831747965636
3.14	207.787909793179
3.15	120.403883261305
3.16	40.5051493768645
3.17	185.857021533564
3.18	234.277618517188
3.19	42.0828006717795
3.2	227.821395705467
3.21	22.8811432546587
3.22	151.189286329775
3.23	37.8126468289346
3.24	138.125601241223
3.25	164.327925763724
3.26	93.7723441533346
3.27	169.937551599327
3.28	-38.2230520669041
3.29	208.307457695252
3.3	114.10483257304
3.31	-10.5837378207407
3.32	177.128656171951
3.33	112.017048042256
3.34	91.8374960428663
3.35	-74.9455734037025
3.36	10.0506008047046
3.37	-38.5268887611641
3.38	47.7842891695774
3.39	158.268219638419
3.4	94.9348909274975
3.41	45.8628721172176
3.42	47.7833788276041
3.43	-50.0359923680857
3.44	113.380019775564
3.45	43.1531645484059
3.46	-22.5437379483195
3.47	91.1169760991044
3.48	58.5397800901824
3.49	21.7731862101888
3.5	4.53523912850724
3.51	-62.0744975674093
3.52	20.8442739441682
3.53	-16.6496451844797
3.54	74.9520041581423
3.55	20.0276681470078
3.56	-98.1402875185022
3.57	151.459464373567
3.58	5.17554828017141
3.59	-8.35923566714023
3.6	222.932706445557
3.61	-69.3050607238496
3.62	-51.2983653708738
3.63	-46.2884958820193
3.64	-7.98359924192383
3.65	69.1305804788321
3.66	4.51603357474257
3.67	162.298882216753
3.68	46.7304068222693
3.69	220.394128520879
3.7	79.2000430817731
3.71	31.3276638276183
3.72	-8.35385294457737
3.73	67.9827562758487
3.74	83.6430028449848
3.75	114.652562449383
3.76	115.083595780095
3.77	38.8112582846342
3.78	-110.687366436865
3.79	19.719508189973
3.8	22.1462331053925
3.81	221.278306716561
3.82	-46.5476645445892
3.83	148.209063943038
3.84	24.9523114596171
3.85	101.786715678273
3.86	244.208141489918
3.87	55.6717057212164
3.88	-64.4548767758968
3.89	75.4653392176297
3.9	68.4832020069785
3.91	76.1372928908134
3.92	14.7350184289012
3.93	-18.0326102099573
3.94	56.6668888786531
3.95	146.758646427322
3.96	58.4504078127345
3.97	126.965596578475
3.98	-50.7927933675613
3.99	-60.2975426686674
4	123.618951253424
4.01	201.666266213491
4.02	64.5438561897865
4.03	177.888278167145
4.04	64.4339512280451
4.05	121.326906508083
4.06	-70.4062753968642
4.07	23.6096209076014
4.08	103.089494800198
4.09	79.9685550589117
4.1	59.2187690998391
4.11	169.596364300226
4.12	-127.862609142116
4.13	45.2422264463445
4.14	62.4083975053466
4.15	67.7730230918367
4.16	49.1073487153727
4.17	109.747967248916
4.18	239.553491776977
4.19	19.2681935113902
4.2	136.986637299955
4.21	138.574851680044
4.22	-13.675171071887
4.23	4.006096833347
4.24	-21.5363760399076
4.25	7.43603743306431
4.26	95.4586325971514
4.27	4.67868702337698
4.28	180.182109676222
4.29	-3.66885635912361
4.3	135.659599931329
4.31	60.3165254122776
4.32	1.11746652424482
4.33	23.9550380979554
4.34	162.66572766035
4.35	146.859054241478
4.36	71.7789198150426
4.37	175.321206884991
4.38	-13.1872718753682
4.39	172.577575185228
4.4	157.759794019795
4.41	234.856263833322
4.42	101.703469303037
4.43	57.9450878570735
4.44	53.3448916589758
4.45	66.2959666121835
4.46	155.160504530132
4.47	169.505774564239
4.48	27.9990215808783
4.49	69.5798102077965
4.5	43.7872563791225
4.51	180.651227202056
4.52	-14.5284580703257
4.53	29.5894989803833
4.54	-52.7903326366881
4.55	36.5957279798817
4.56	77.1345311524145
4.57	199.446081945253
4.58	154.590872584102
4.59	275.664595653183
4.6	146.634229879807
4.61	121.864494609447
4.62	71.9879279596311
4.63	142.002049606354
4.64	193.561761169948
4.65	120.839779176008
4.66	215.896819251105
4.67	67.257612683989
4.68	119.013569536293
4.69	129.180324868663
4.7	44.3827832078499
4.71	115.71855249315
4.72	94.6974591099711
4.73	28.2458524129861
4.74	11.5879590181742
4.75	-27.6727346040373
4.76	109.063227768913
4.77	61.3346702202071
4.78	227.371594579235
4.79	124.327625710153
4.8	97.7125949548557
4.81	-12.7578877414085
4.82	35.1160870242793
4.83	-23.2191086398125
4.84	42.599439280107
4.85	95.4995933988813
4.86	117.426663204972
4.87	23.1611350653311
4.88	98.1070484256443
4.89	179.993848672399
4.9	104.412465752062
4.91	55.513816281781
4.92	72.1106006535843
4.93	64.709241828119
4.94	126.36284535718
4.95	95.7371486276797
4.96	32.4370967947371
4.97	141.147865415222
4.98	157.606952558482
4.99	-65.0658540169055
5	11.7602590021084
5.01	-45.5460078614755
5.02	95.8176753405051
5.03	169.085198057749
5.04	-32.2089180317777
5.05	183.986501194573
5.06	272.505275246261
5.07	97.2806608803319
5.08	73.9536439335177
5.09	185.164718666511
5.1	87.2349541219823
5.11	93.2719466072097
5.12	16.8457515727228
5.13	143.89636339771
5.14	81.8480755792933
5.15	144.374381915816
5.16	114.338038577085
5.17	140.234110712723
5.18	35.8104533554363
5.19	176.722873396951
5.2	196.834990741805
5.21	298.417559897566
5.22	65.9172521503121
5.23	24.9906251544782
5.24	116.613614270637
5.25	97.6102986580841
5.26	123.367456473843
5.27	71.0718162824897
5.28	-43.0684348679478
5.29	189.111847704997
5.3	135.050615386096
5.31	143.611218896552
5.32	147.358829498793
5.33	123.630170377443
5.34	86.1673984783879
5.35	39.1600927606814
5.36	147.031040081942
5.37	133.50373676353
5.38	194.806449038506
5.39	82.5314761707923
5.4	118.851957725849
5.41	100.091301106933
5.42	139.763477607621
5.43	78.9207618630338
5.44	176.62468365426
5.45	106.322126164074
5.46	135.66751326347
5.47	201.606964022089
5.48	297.158905448701
5.49	99.7598714974768
5.5	195.748139681924
5.51	-42.5018073236114
5.52	134.024384708713
5.53	125.470468270177
5.54	186.106411533929
5.55	173.767570434645
5.56	76.1719202080686
5.57	39.1852491782217
5.58	271.983899158397
5.59	101.362967321087
5.6	138.522508510716
5.61	154.868842324764
5.62	196.711042060656
5.63	28.5969427961657
5.64	253.945365126076
5.65	247.786680321759
5.66	182.402949387232
5.67	195.935651333747
5.68	174.012603751697
5.69	133.008130675582
5.7	116.013857792214
5.71	177.755475220701
5.72	254.016207460832
5.73	87.520720532169
5.74	113.675397084088
5.75	-32.8208765388664
5.76	-2.78139332381946
5.77	165.045154864933
5.78	154.674487573427
5.79	169.204859157093
5.8	76.6935575148772
5.81	157.539672817738
5.82	164.373446663782
5.83	124.716403598814
5.84	183.999964513245
5.85	65.6662975523394
5.86	-24.5325287747724
5.87	12.7226804673076
5.88	260.8825204641
5.89	193.95437906801
5.9	212.771177768563
5.91	118.564645549835
5.92	239.0351662121
5.93	85.6480055614052
5.94	-14.8705457411304
5.95	196.74331370517
5.96	202.605252523446
5.97	28.3217623826172
5.98	69.4001554633708
5.99	110.130517864216
6	241.133281235588
6.01	110.019160268288
6.02	145.491108318198
6.03	-36.9135747490312
6.04	22.3247715423935
6.05	206.618336505555
6.06	221.254424976009
6.07	106.319800152834
6.08	59.8484537676455
6.09	198.95848728277
6.1	304.424674512465
6.11	24.9836358212036
6.12	175.745220253526
6.13	45.1541748623989
6.14	105.017113222723
6.15	275.505586300683
6.16	53.4946302182145
6.17	278.667899725251
6.18	257.560183302502
6.19	15.2616797046295
6.2	78.1046370352781
6.21	316.889169703518
6.22	204.780861586097
6.23	101.177516842976
6.24	80.8750917648515
6.25	289.681393870992
6.26	198.539307773416
6.27	127.618680000628
6.28	163.552548252749
6.29	122.21128579853
6.3	2.76531866341386
6.31	-39.6940979107569
6.32	144.886278365284
6.33	101.208800521794
6.34	157.739211166976
6.35	137.706368203585
6.36	129.4545134962
6.37	149.87270798331
6.38	118.214761393745
6.39	182.909183876942
6.4	80.2387680645744
6.41	321.710688102172
6.42	127.207515976797
6.43	21.7096301715815
6.44	229.081826174776
6.45	212.048066945607
6.46	284.947931999063
6.47	249.177190790989
6.48	169.925262688639
6.49	203.977747902997
6.5	145.354475503174
6.51	134.475302043324
6.52	126.840036875045
6.53	266.913991882346
6.54	127.108597409323
6.55	166.139401871612
6.56	282.26201042556
6.57	340.27072785415
6.58	160.649858799063
6.59	258.11182534887
6.6	278.716379780028
6.61	198.063060277068
6.62	185.686543043198
6.63	294.659107686918
6.64	42.4787160686956
6.65	341.711102428367
6.66	53.3894380947292
6.67	184.222808509106
6.68	224.436989052663
6.69	236.679486663178
6.7	147.6018356979
6.71	14.0895392392544
6.72	221.267344788185
6.73	153.167533290194
6.74	182.029233907088
6.75	-19.4143444434095
6.76	127.939460009884
6.77	201.749614157042
6.78	89.2815840798713
6.79	198.350341249258
6.8	226.316957247898
6.81	145.892186993057
6.82	88.5628066725403
6.83	57.6387786994106
6.84	357.787493040562
6.85	283.292097301294
6.86	169.518663121087
6.87	278.72581783654
6.88	116.476021692861
6.89	136.106023557396
6.9	251.13444661277
6.91	229.100797364864
6.92	241.228498506067
6.93	241.74418802059
6.94	185.236380844877
6.95	274.622763784622
6.96	190.042233383545
6.97	192.550811516722
6.98	150.089978985655
6.99	243.304978378285
7	175.688790125883
7.01	83.3004840742817
7.02	82.7869061647214
7.03	191.945525774018
7.04	190.259731938986
7.05	133.731945707682
7.06	204.965087688236
7.07	39.8894918848039
7.08	138.063726941601
7.09	116.570983897872
7.1	307.910470486246
7.11	57.1303758615693
7.12	279.171559107331
7.13	199.326196423702
7.14	266.258842191083
7.15	175.624810341212
7.16	167.660560341676
7.17	258.915903544905
7.18	230.504480482496
7.19	257.433877314601
7.2	327.62203238294
7.21	305.730399176105
7.22	153.915643073326
7.23	215.164168240649
7.24	128.218774761075
7.25	195.172371269783
7.26	206.198080552869
7.27	178.029301596613
7.28	145.33746165198
7.29	236.310591906995
7.3	180.114710137193
7.31	229.31155582427
7.32	145.2597805303
7.33	306.305654124505
7.34	161.527983973676
7.35	114.718913304764
7.36	169.573587802754
7.37	118.044287366468
7.38	269.770848535395
7.39	355.563372132056
7.4	77.9994635513518
7.41	245.210456982103
7.42	139.867240204983
7.43	110.111072282604
7.44	234.986277446769
7.45	137.551084162784
7.46	25.5584912800641
7.47	204.24361235231
7.48	361.603521349771
7.49	185.493995299686
7.5	216.93727191656
7.51	307.398041341683
7.52	160.072869852185
7.53	11.1272734322518
7.54	261.620127986176
7.55	285.873575542411
7.56	245.560884090249
7.57	227.685296344121
7.58	78.7172459460403
7.59	239.786778347423
7.6	102.143739316326
7.61	251.432376321323
7.62	290.655232178469
7.63	85.2164579247769
7.64	41.6826812735279
7.65	242.687651138136
7.66	149.47728671364
7.67	289.906607558834
7.68	123.313854214675
7.69	147.254694279305
7.7	184.076049045156
7.71	146.277337817383
7.72	291.784853366493
7.73	197.536241595609
7.74	293.675257421822
7.75	175.33095431535
7.76	280.436130187886
7.77	127.087585819792
7.78	184.095921095047
7.79	289.097905441752
7.8	173.046566074589
7.81	181.799975889611
7.82	161.850465362693
7.83	69.3445410948997
7.84	395.233232767768
7.85	310.77608043742
7.86	226.436953950357
7.87	175.288322723869
7.88	247.740909320091
7.89	75.1179475814833
7.9	290.363574878901
7.91	213.839780866893
7.92	251.329453232765
7.93	272.018745078466
7.94	203.30807301881
7.95	181.703843592686
7.96	206.639481578288
7.97	160.597954868128
7.98	410.767429879792
7.99	186.758494044993
8	197.220905595451
8.01	249.076200296212
8.02	246.075836243377
8.03	344.994822348549
8.04	221.312824092894
8.05	257.100822886787
8.06	175.800484314041
8.07	132.893116674457
8.08	410.522690614715
8.09	239.025126994523
8.1	168.218583681828
8.11	258.929089510177
8.12	250.223140017266
8.13	280.438143324606
8.14	235.999929733393
8.15	343.25600842168
8.16	333.185756797566
8.17	341.724600071563
8.18	188.833160726999
8.19	251.140839047904
8.2	281.917975823794
8.21	425.451861316988
8.22	239.810500553289
8.23	256.93916488431
8.24	341.423097841428
8.25	229.759513389347
8.26	179.617025707923
8.27	261.76778983243
8.28	50.9505561403394
8.29	212.713743084204
8.3	260.357939021493
8.31	177.652884482999
8.32	185.966627982318
8.33	177.200373572382
8.34	246.79329791326
8.35	238.329097557851
8.36	335.953061734709
8.37	276.972589491366
8.38	251.717300391568
8.39	254.596754367492
8.4	238.49991771807
8.41	228.945470191485
8.42	254.56270559761
8.43	352.564214009481
8.44	190.798339881957
8.45	269.6015691205
8.46	272.061256592071
8.47	247.074689341467
8.48	272.622130515172
8.49	178.474245664193
8.5	159.112455719664
8.51	245.042262027247
8.52	264.775296253356
8.53	132.708437486398
8.54	227.103342574133
8.55	255.411610235923
8.56	205.165912989823
8.57	119.086223500834
8.58	187.497050284469
8.59	355.480130148636
8.6	298.750905668149
8.61	145.883990575971
8.62	181.356373470519
8.63	273.892538922012
8.64	111.491487870962
8.65	110.40550559747
8.66	146.736980872496
8.67	262.344019214403
8.68	258.671930194949
8.69	165.206970662714
8.7	224.942567052973
8.71	190.542539321349
8.72	390.152550950036
8.73	434.562242597134
8.74	335.820155988309
8.75	318.873331472586
8.76	376.925370292617
8.77	285.86891378552
8.78	292.286116583532
8.79	340.672482438208
8.8	216.165008384315
8.81	391.826230323618
8.82	291.624673249688
8.83	378.523787445241
8.84	253.488114132861
8.85	241.447148845965
8.86	256.612130695137
8.87	319.588189374122
8.88	346.808063565625
8.89	320.688196048341
8.9	247.9925557786
8.91	322.051743568637
8.92	277.624718839807
8.93	305.855314683721
8.94	222.495380332735
8.95	454.067557623011
8.96	370.67595749156
8.97	277.156513950265
8.98	241.00113083031
8.99	268.417096991028
9	104.109585588796
9.01	397.030918401197
9.02	125.916213915163
9.03	314.832571780883
9.04	201.706751970383
9.05	212.63115162384
9.06	211.227452136917
9.07	311.74563942209
9.08	247.807737523368
9.09	219.838451724812
9.1	333.317748415568
9.11	385.052382516643
9.12	270.554638171644
9.13	160.903593672599
9.14	129.776866828117
9.15	253.183770533956
9.16	362.267385407109
9.17	190.786140926262
9.18	311.610260495532
9.19	156.343549786078
9.2	317.725963936709
9.21	200.087033687794
9.22	278.169046961409
9.23	331.510958653906
9.24	340.972394947507
9.25	308.346642061294
9.26	246.951161320029
9.27	200.949410590707
9.28	204.671064012134
9.29	362.712681598766
9.3	171.749961599437
9.31	263.39438558292
9.32	323.071018058453
9.33	335.62143296995
9.34	308.929332288403
9.35	286.384906184861
9.36	342.351690425518
9.37	321.226963812319
9.38	342.910454514035
9.39	249.383215955018
9.4	465.533391921623
9.41	215.27070298806
9.42	414.0450769295
9.43	287.279983863044
9.44	280.944468726064
9.45	363.265758047571
9.46	271.234991739009
9.47	278.566510347504
9.48	106.855648329828
9.49	200.478249682834
9.5	458.949453361526
9.51	323.72693326632
9.52	359.757675555397
9.53	175.33687051202
9.54	266.131823107288
9.55	398.52245503343
9.56	419.497678367338
9.57	185.437857685581
9.58	394.205936208053
9.59	333.69072215877
9.6	237.426474963698
9.61	241.413769040768
9.62	322.366656844099
9.63	285.721803681991
9.64	288.730029863956
9.65	315.053574780046
9.66	274.235191727123
9.67	412.009779187213
9.68	220.733200822909
9.69	263.716554094275
9.7	127.708123488546
9.71	339.004804459463
9.72	200.009602594617
9.73	299.375739187162
9.74	289.013996288438
9.75	210.426022641262
9.76	435.385967894777
9.77	387.897881781851
9.78	391.641835117652
9.79	174.673824810056
9.8	388.003607073207
9.81	263.195135967381
9.82	329.44573207649
9.83	360.749136817533
9.84	401.405702255334
9.85	245.580195793508
9.86	353.094188594162
9.87	280.161676273622
9.88	248.183920554276
9.89	261.04893962157
9.9	281.171285422699
9.91	298.252737244176
9.92	339.145455668961
9.93	447.769148721211
9.94	463.459289052679
9.95	284.700518114105
9.96	391.678416719348
9.97	437.563160416643
9.98	299.714249560913
9.99	361.044460323806
10	331.675443257387
