"X"	"Y"
-10	258.7062902907
-9.99	260.181178068384
-9.98	266.496834756862
-9.97	267.858011978074
-9.96	263.500360932595
-9.95	266.691062897519
-9.94	263.173491483173
-9.93	265.476015179399
-9.92	262.305398422977
-9.91	259.892738786792
-9.9	262.101807121259
-9.89	257.625289226698
-9.88	268.521344516413
-9.87	258.656681552574
-9.86	262.030519030902
-9.85	253.763334940746
-9.84	255.722081605652
-9.83	261.18690869357
-9.82	257.472560343974
-9.81	258.412600965713
-9.8	259.283883948599
-9.79	259.255627679096
-9.78	254.90944252682
-9.77	255.896985882753
-9.76	260.596991794234
-9.75	249.678822725899
-9.74	255.783268731181
-9.73	250.01151310765
-9.72	249.715057504757
-9.71	250.237026226254
-9.7	253.807787122169
-9.69	250.227623937362
-9.68	251.657658489797
-9.67	247.324518623229
-9.66	240.791800025591
-9.65	250.683717873505
-9.64	245.896340792612
-9.63	243.38378449937
-9.62	243.878454680568
-9.61	244.275502231164
-9.6	246.233056601126
-9.59	242.768418982187
-9.58	244.459675588487
-9.57	242.798856366791
-9.56	242.5989325821
-9.55	244.66965376003
-9.54	244.690048521361
-9.53	242.559104232079
-9.52	238.866631242147
-9.51	246.355295215119
-9.5	241.476011945389
-9.49	239.862473360624
-9.48	237.176765370234
-9.47	239.872468921526
-9.46	236.420697066738
-9.45	238.519424666255
-9.44	234.600034638242
-9.43	238.528048243531
-9.42	236.986100596039
-9.41	236.55404518286
-9.4	236.112121753486
-9.39	233.484283150873
-9.38	233.55865541447
-9.37	229.77248761313
-9.36	232.044611107763
-9.35	231.735065638968
-9.34	231.797336119819
-9.33	228.091558125219
-9.32	233.623984737786
-9.31	227.074751908069
-9.3	231.299531852133
-9.29	226.582483289358
-9.28	224.245514449172
-9.27	227.230177279931
-9.26	229.955659692453
-9.25	227.796019516327
-9.24	222.293054186873
-9.23	222.454186350296
-9.22	223.066398248039
-9.21	221.578483863774
-9.2	217.938925492247
-9.19	222.411100418804
-9.18	221.859063450091
-9.17	220.246336471357
-9.16	224.715899020129
-9.15	224.919806852267
-9.14	221.229304498141
-9.13	222.847644637746
-9.12	221.769347229966
-9.11	219.177095082525
-9.1	216.918858901317
-9.09	221.586196035957
-9.08	215.994329669845
-9.07	220.162360780099
-9.06	215.819461488822
-9.05	212.962579949785
-9.04	212.381887624584
-9.03	214.990404655854
-9.02	210.714901217443
-9.01	216.689849183669
-9	215.34807209323
-8.99	215.84813319794
-8.98	217.594521274695
-8.97	211.318689744415
-8.96	209.985009554385
-8.95	213.138825977283
-8.94	208.354599547159
-8.93	212.141565675717
-8.92	211.162833889164
-8.91	207.031581948236
-8.9	206.118231263146
-8.89	208.907199824402
-8.88	213.398014678008
-8.87	207.371902800751
-8.86	201.914588885589
-8.85	207.483878365701
-8.84	205.213330767125
-8.83	207.612331672164
-8.82	203.398018560349
-8.81	203.939235270214
-8.8	206.079002356351
-8.79	206.669340798876
-8.78	206.5657510131
-8.77	208.003111702141
-8.76	203.574509044404
-8.75	198.675109354679
-8.74	194.527156656171
-8.73	204.880705649861
-8.72	197.257979853014
-8.71	198.108034255177
-8.7	199.185511210202
-8.69	199.647072971403
-8.68	200.65452673925
-8.67	192.81936848455
-8.66	196.17104148167
-8.65	203.237183088081
-8.64	194.110343965394
-8.63	192.162802815588
-8.62	194.227869491034
-8.61	192.975022403012
-8.6	199.619624186199
-8.59	196.813032367348
-8.58	193.748117891841
-8.57	191.405606864674
-8.56	188.281393395673
-8.55	191.587486769367
-8.54	190.244254621017
-8.53	194.59955342038
-8.52	190.00374975371
-8.51	192.197357189219
-8.5	185.582930822908
-8.49	187.009762867762
-8.48	189.396591332725
-8.47	191.03015565914
-8.46	191.633652392165
-8.45	191.875477727222
-8.44	181.384170852713
-8.43	187.395021709795
-8.42	181.061128836302
-8.41	183.298553760758
-8.4	186.395892276822
-8.39	184.222481252322
-8.38	182.383196288679
-8.37	184.726724106476
-8.36	183.897765910668
-8.35	180.703814663606
-8.34	178.69395320381
-8.33	180.535152365625
-8.32	183.295996525424
-8.31	177.847472211295
-8.3	183.748178042539
-8.29	177.501938262256
-8.28	183.607956606644
-8.27	177.93660569565
-8.26	175.212872389853
-8.25	178.58381742278
-8.24	179.731028190957
-8.23	180.953880909208
-8.22	178.064683242339
-8.21	179.056637826872
-8.2	171.499685736616
-8.19	176.457640131571
-8.18	175.170095270653
-8.17	174.647094318948
-8.16	167.501882158853
-8.15	177.808550919869
-8.14	169.553908013398
-8.13	173.921097217467
-8.12	174.871765121897
-8.11	174.260636384575
-8.1	168.29523094734
-8.09	169.659644362817
-8.08	169.929418396676
-8.07	167.233859130848
-8.06	178.734502811921
-8.05	167.496576091817
-8.04	177.969173692082
-8.03	167.705639770858
-8.02	173.347905404039
-8.01	166.616243457878
-8	165.911535073253
-7.99	173.864526134715
-7.98	162.785522033068
-7.97	161.750618480975
-7.96	168.417725537258
-7.95	162.758588619149
-7.94	159.972022468476
-7.93	167.103245191491
-7.92	157.603180864143
-7.91	171.236973120886
-7.9	165.277561585767
-7.89	162.242808318792
-7.88	159.207133458516
-7.87	169.042163748896
-7.86	165.926549669654
-7.85	161.816693483148
-7.84	159.794105956751
-7.83	162.951397782151
-7.82	162.373246902216
-7.81	161.630458234383
-7.8	160.306578179112
-7.79	160.073861098887
-7.78	158.913547180807
-7.77	155.117074148629
-7.76	159.504269986823
-7.75	154.792736855675
-7.74	155.398210186435
-7.73	152.217030925389
-7.72	149.295317203256
-7.71	151.794628403915
-7.7	153.425506274914
-7.69	156.83539712858
-7.68	151.917064803841
-7.67	153.137026827423
-7.66	152.449276059619
-7.65	153.113863023443
-7.64	150.605100379111
-7.63	149.74697497519
-7.62	149.440507942427
-7.61	149.648640783633
-7.6	146.613299098977
-7.59	147.268882216077
-7.58	145.938991528692
-7.57	152.776288681863
-7.56	147.530847137402
-7.55	148.841885297165
-7.54	144.005982795072
-7.53	147.357729445547
-7.52	145.610751106974
-7.51	144.325407264343
-7.5	149.046252605416
-7.49	147.462780220095
-7.48	149.230354134989
-7.47	143.485718014919
-7.46	150.395323445158
-7.45	145.262846563569
-7.44	137.121524359967
-7.43	139.922657156604
-7.42	146.354564575029
-7.41	144.297081105971
-7.4	141.265999517823
-7.39	137.428145080761
-7.38	145.996333653919
-7.37	143.592292018329
-7.36	140.069925508022
-7.35	138.572362178696
-7.34	139.983241369876
-7.33	143.146096927035
-7.32	144.178456267275
-7.31	136.581831191419
-7.3	138.390516696812
-7.29	132.398514322864
-7.28	138.472632749588
-7.27	133.691260581945
-7.26	137.093482425593
-7.25	132.699034613418
-7.24	133.839321794345
-7.23	140.512206306118
-7.22	130.508162013438
-7.21	135.18553559389
-7.2	130.354297002501
-7.19	140.686230848633
-7.18	136.159148302708
-7.17	128.966361532162
-7.16	131.186460970048
-7.15	134.85545690977
-7.14	132.484334430583
-7.13	128.453840895146
-7.12	135.600766950475
-7.11	127.571540070029
-7.1	132.324570388727
-7.09	132.553350924209
-7.08	129.092791997913
-7.07	128.245120083597
-7.06	125.357531970187
-7.05	127.573570768492
-7.04	129.955655678356
-7.03	130.222316573747
-7.02	128.810439964215
-7.01	124.664344482722
-7	122.146283426103
-6.99	127.433037901753
-6.98	125.757091439064
-6.97	123.049110680236
-6.96	122.2721245556
-6.95	124.223877568624
-6.94	128.884703244605
-6.93	121.521216054894
-6.92	119.981833847637
-6.91	119.976438181001
-6.9	120.242732954848
-6.89	119.44597712527
-6.88	121.661713664583
-6.87	120.435538834909
-6.86	117.038497117966
-6.85	116.578201901034
-6.84	121.322023127951
-6.83	122.774402562201
-6.82	122.169023276487
-6.81	122.12806819514
-6.8	115.047754645457
-6.79	117.408574826776
-6.78	114.649559624289
-6.77	119.35834603537
-6.76	118.501063425605
-6.75	120.380183427107
-6.74	115.327219228915
-6.73	119.537482574147
-6.72	114.952605263073
-6.71	118.955656386803
-6.7	106.867413841688
-6.69	112.093142204928
-6.68	113.415112276539
-6.67	113.3223359565
-6.66	114.139511010029
-6.65	114.333023537044
-6.64	111.464313524253
-6.63	112.655150170886
-6.62	115.102868102189
-6.61	115.775833783927
-6.6	112.205368699428
-6.59	112.415212445038
-6.58	112.238770743642
-6.57	105.80081603596
-6.56	110.215467738291
-6.55	109.759530913855
-6.54	114.823119864161
-6.53	110.961151154019
-6.52	109.751234050127
-6.51	111.885725547707
-6.5	106.371935832558
-6.49	111.296260481399
-6.48	103.815346694415
-6.47	109.144036308643
-6.46	102.629886601504
-6.45	102.916583006898
-6.44	105.564067630608
-6.43	110.924801850456
-6.42	110.109772522835
-6.41	104.801620000288
-6.4	103.584288603721
-6.39	98.2924334812308
-6.38	105.924929631955
-6.37	99.2191074123836
-6.36	100.255133141562
-6.35	105.14077440975
-6.34	99.3467596262047
-6.33	106.080671952778
-6.32	98.4591534626973
-6.31	101.31811774406
-6.3	98.0912450408233
-6.29	98.6312522040998
-6.28	103.973559716415
-6.27	97.5131688708696
-6.26	102.385497999489
-6.25	100.564960061619
-6.24	102.274136832447
-6.23	97.5451901561433
-6.22	96.9641406780973
-6.21	98.1841610317677
-6.2	97.201651165636
-6.19	98.1447824661295
-6.18	99.3021547904426
-6.17	98.2470288763053
-6.16	97.0686622505539
-6.15	93.7633103767996
-6.14	94.4556719980782
-6.13	95.7862703931836
-6.12	93.2763195208102
-6.11	89.4274546580709
-6.1	94.1846409904047
-6.09	96.8760841387008
-6.08	93.4909470434776
-6.07	94.741954952661
-6.06	91.4234577819747
-6.05	96.8189765737447
-6.04	90.3691749413927
-6.03	90.8527934264555
-6.02	85.8749670738728
-6.01	87.4038471919518
-6	88.2261673162902
-5.99	88.4156652456702
-5.98	89.2723705892061
-5.97	96.7369762867971
-5.96	88.4994313990136
-5.95	98.8254472134166
-5.94	89.3367782399931
-5.93	87.513861622275
-5.92	88.0743275688993
-5.91	86.6447278429512
-5.9	90.6794370184325
-5.89	85.1701543699763
-5.88	84.7549360742107
-5.87	82.1288648013768
-5.86	82.545569087815
-5.85	92.8646375066539
-5.84	85.5598699370678
-5.83	89.8719938744354
-5.82	83.924541219626
-5.81	88.1582947620567
-5.8	85.5060738456452
-5.79	80.5741519406388
-5.78	80.5778041511786
-5.77	81.795208993215
-5.76	85.2840765527225
-5.75	85.246458361005
-5.74	85.6304085525186
-5.73	80.8880324484131
-5.72	83.0429642689733
-5.71	78.641625581768
-5.7	80.4640895630223
-5.69	79.9426132705015
-5.68	81.633664574896
-5.67	82.3067266982325
-5.66	80.6570171125908
-5.65	79.2432697822229
-5.64	74.5807219118168
-5.63	82.3316793940801
-5.62	73.6968505112883
-5.61	81.2731098270349
-5.6	76.248055894488
-5.59	75.870398203607
-5.58	74.7977696915941
-5.57	81.569903977663
-5.56	75.6733261019163
-5.55	82.5923359852954
-5.54	76.1801391085371
-5.53	74.0852044223693
-5.52	81.1129052515839
-5.51	82.8514183290031
-5.5	69.9415309958758
-5.49	70.894559711061
-5.48	69.0498994469279
-5.47	75.6134034797027
-5.46	77.0708928381301
-5.45	75.3514887280746
-5.44	77.1505295168991
-5.43	71.2239987600346
-5.42	70.7149479505355
-5.41	78.6416917081698
-5.4	68.902982255334
-5.39	64.8834698723399
-5.38	74.9113361681265
-5.37	73.0342442208072
-5.36	68.1154439650846
-5.35	70.1974043888873
-5.34	76.0815503503672
-5.33	72.4157865337888
-5.32	71.7804177662589
-5.31	70.0262767306895
-5.3	74.7794950716676
-5.29	63.7572691435176
-5.28	69.7658413741022
-5.27	70.1459335239009
-5.26	72.1184941168327
-5.25	67.0051352367594
-5.24	63.5822304073406
-5.23	68.8078020756254
-5.22	70.8818452311231
-5.21	69.965785190321
-5.2	63.1842152251131
-5.19	62.9585045279657
-5.18	66.4290359909084
-5.17	70.8380870114466
-5.16	63.3508430300433
-5.15	63.5274418526826
-5.14	61.432882536258
-5.13	62.5824047940603
-5.12	66.2360917136604
-5.11	68.5141108526634
-5.1	61.7595750613386
-5.09	67.375250596411
-5.08	64.374309519248
-5.07	67.5145010595002
-5.06	61.0075302538546
-5.05	66.1665475679505
-5.04	68.2545035454616
-5.03	67.8769066110799
-5.02	61.2087251532504
-5.01	64.2315590302301
-5	58.4312579617811
-4.99	64.4105818306155
-4.98	63.2708141902958
-4.97	64.3089487507765
-4.96	64.2102151197082
-4.95	58.394993974697
-4.94	66.9173896172956
-4.93	64.1256844264049
-4.92	58.0489052293845
-4.91	59.0929308998163
-4.9	59.8761697558713
-4.89	58.5306415942426
-4.88	56.7316314193049
-4.87	61.6930920981911
-4.86	58.7572985652961
-4.85	58.6371201891208
-4.84	55.5240250106862
-4.83	62.3800827754419
-4.82	57.5317140869343
-4.81	57.5855938142989
-4.8	57.0587323425188
-4.79	48.7302404063816
-4.78	54.8567430597192
-4.77	57.573610301852
-4.76	58.3526656844418
-4.75	51.421191811792
-4.74	56.1240732667636
-4.73	58.3524454003594
-4.72	61.1664246265379
-4.71	58.4643524355223
-4.7	55.1361872270406
-4.69	62.5358010041589
-4.68	51.5308998297361
-4.67	57.139119768587
-4.66	53.8571532830529
-4.65	58.3407476904977
-4.64	48.5421124416954
-4.63	53.7512477653169
-4.62	52.3001916533034
-4.61	50.8341923136689
-4.6	54.48622482288
-4.59	52.3050215091101
-4.58	54.8378098230247
-4.57	55.354760876352
-4.56	50.3355709933688
-4.55	50.6674596071426
-4.54	56.8428166495911
-4.53	52.7913775668065
-4.52	52.9901406295366
-4.51	52.1638173813242
-4.5	48.8900074748766
-4.49	50.3074721744268
-4.48	53.6193295227761
-4.47	49.2317540405429
-4.46	49.8249807631839
-4.45	52.5116122717291
-4.44	50.2509459776429
-4.43	50.7010340734067
-4.42	48.6718592100799
-4.41	39.3076337839591
-4.4	46.4610798351534
-4.39	46.9596566749544
-4.38	50.6655100696092
-4.37	52.4988169503897
-4.36	47.1886690652726
-4.35	49.2592323988633
-4.34	47.5368869923563
-4.33	44.23577801641
-4.32	43.5712181728958
-4.31	47.3547199731418
-4.3	38.5683810771805
-4.29	41.8192289529251
-4.28	51.9872097236848
-4.27	45.2304728224898
-4.26	42.9996204220852
-4.25	47.8234254232058
-4.24	47.1092841819061
-4.23	42.7966944929837
-4.22	43.9272139409177
-4.21	40.920090244426
-4.2	46.843986348369
-4.19	42.6230634098756
-4.18	37.1473568918176
-4.17	49.3487120211634
-4.16	40.7127113231548
-4.15	45.2602618247967
-4.14	41.0321591845959
-4.13	38.679979312593
-4.12	42.8817191738799
-4.11	39.4245539371658
-4.1	45.0025600432479
-4.09	41.539716908114
-4.08	43.7218068554544
-4.07	43.9213863423148
-4.06	41.8387869618556
-4.05	38.976727483414
-4.04	39.2917645858104
-4.03	38.9399203197445
-4.02	37.5424968951436
-4.01	40.5809651856794
-4	39.8687872416689
-3.99	41.1029786501443
-3.98	38.9581992064037
-3.97	36.1479504225111
-3.96	36.5155731115398
-3.95	40.4724259118193
-3.94	32.4985969110658
-3.93	38.8687898552791
-3.92	43.7613221325199
-3.91	35.5882606639687
-3.9	33.9070982319757
-3.89	38.0858510334209
-3.88	39.0598638853873
-3.87	31.1025658128738
-3.86	34.2642709463397
-3.85	38.4593617993672
-3.84	34.2952890522208
-3.83	32.6314459124995
-3.82	34.8968782271352
-3.81	33.4632251637406
-3.8	37.6391237069153
-3.79	35.9788132797176
-3.78	36.8155253208256
-3.77	33.1576915948305
-3.76	33.3052175980954
-3.75	32.1567421735794
-3.74	31.9927615007549
-3.73	34.3988322883637
-3.72	29.3670499406227
-3.71	33.1985816423033
-3.7	40.1464246276895
-3.69	27.3414573897015
-3.68	30.5249128437052
-3.67	32.0053421641513
-3.66	33.5329037033125
-3.65	30.4889987012908
-3.64	32.5220529057186
-3.63	33.7499510424104
-3.62	34.0732828590282
-3.61	34.8776791744924
-3.6	32.9459136597601
-3.59	26.1825326245385
-3.58	27.0493563157417
-3.57	30.3284109116125
-3.56	29.9714568229594
-3.55	30.7120133984371
-3.54	31.5950069788869
-3.53	30.2447161886995
-3.52	27.3342240203369
-3.51	31.1874679221756
-3.5	31.5239219303706
-3.49	25.5539560167804
-3.48	29.13574253743
-3.47	23.7011186347978
-3.46	28.6671525591577
-3.45	28.2484341936527
-3.44	31.5768617990126
-3.43	27.3341318789782
-3.42	27.3299857235641
-3.41	25.6642732403973
-3.4	22.0424928026639
-3.39	26.3482812309806
-3.38	31.7851076565399
-3.37	29.4606110077498
-3.36	23.5424979426023
-3.35	25.2827596854524
-3.34	24.1994327362599
-3.33	27.8903000202259
-3.32	23.931496515534
-3.31	25.7853852036597
-3.3	25.0293154847616
-3.29	24.901576436385
-3.28	27.9871299773196
-3.27	27.7644179736249
-3.26	20.5849247353493
-3.25	23.7605976331457
-3.24	20.5040539226629
-3.23	26.2345037009002
-3.22	25.7826876514551
-3.21	19.8472567115379
-3.2	24.0471454141333
-3.19	27.2222354481429
-3.18	23.9767132888042
-3.17	25.7612581564578
-3.16	24.3709984046648
-3.15	26.1033924663194
-3.14	26.9112752790106
-3.13	20.6753277545892
-3.12	26.4646124724567
-3.11	20.8711003862807
-3.1	25.9228027950157
-3.09	23.5602119993732
-3.08	26.1766440493808
-3.07	22.5155272313973
-3.06	26.0646824310237
-3.05	26.9942380407134
-3.04	27.0660661613142
-3.03	15.1451517746949
-3.02	23.2739442007133
-3.01	22.0863363238933
-3	24.9235682386389
-2.99	23.3935277714609
-2.98	25.8597743674503
-2.97	24.2465349644118
-2.96	22.1867965165316
-2.95	23.156542465669
-2.94	16.6464981412458
-2.93	19.2853366494814
-2.92	20.8925065602957
-2.91	17.847089575478
-2.9	19.6695087704441
-2.89	18.8698458467731
-2.88	16.1658589578558
-2.87	15.47517853949
-2.86	22.486354079181
-2.85	21.2831099312799
-2.84	21.9711739556848
-2.83	20.6631191733774
-2.82	23.0565703035523
-2.81	17.8254169408311
-2.8	18.5857716988189
-2.79	18.9782245226243
-2.78	20.0229408041589
-2.77	22.9957362586348
-2.76	14.6308765768982
-2.75	18.6088637782385
-2.74	15.5026412737843
-2.73	19.5789819033628
-2.72	19.2353284593181
-2.71	14.8838993777563
-2.7	13.6950280052109
-2.69	15.0331995296404
-2.68	19.6034915244457
-2.67	15.2279227756068
-2.66	14.425754643108
-2.65	9.76881488851463
-2.64	17.1085283035512
-2.63	17.1695478064643
-2.62	17.5616170220751
-2.61	13.7460019431626
-2.6	19.1198750574284
-2.59	12.9031297248634
-2.58	18.7165790256225
-2.57	18.4231083156369
-2.56	18.4924767018876
-2.55	15.5211340826954
-2.54	14.4360038622564
-2.53	16.022186614133
-2.52	18.6758489232873
-2.51	15.6762827454934
-2.5	18.1707762713055
-2.49	11.5908733146002
-2.48	14.5650613240136
-2.47	11.2326104711635
-2.46	3.95690134724298
-2.45	9.34773748859079
-2.44	13.0266190063026
-2.43	16.2428103393358
-2.42	13.3259597994375
-2.41	12.3547935458239
-2.4	13.065078984707
-2.39	13.7537588561286
-2.38	16.8187050403987
-2.37	18.4088186970217
-2.36	9.12521000324015
-2.35	14.8573571292808
-2.34	10.4774943090242
-2.33	13.5388534689372
-2.32	16.4281078475342
-2.31	13.6447786297182
-2.3	12.7578561414633
-2.29	16.0486550132872
-2.28	13.6341907142674
-2.27	15.4705432410083
-2.26	12.188499414095
-2.25	16.9087411192494
-2.24	13.0851578727495
-2.23	9.63498001990115
-2.22	9.42849029435156
-2.21	16.5296999011103
-2.2	10.9538346985351
-2.19	11.2480370498428
-2.18	11.516995493666
-2.17	13.708641503345
-2.16	15.0859446949755
-2.15	14.9427574871185
-2.14	14.7136195364929
-2.13	12.2856755321878
-2.12	7.02311191689808
-2.11	7.65840936261002
-2.1	8.42952720519361
-2.09	9.41622623761895
-2.08	15.7288760767481
-2.07	8.57148533872337
-2.06	9.0810626772567
-2.05	9.59488263458731
-2.04	14.3549966144639
-2.03	6.27813614744932
-2.02	11.4015768389948
-2.01	7.56257260912746
-2	11.4889048322032
-1.99	9.28266668928404
-1.98	10.3458323579225
-1.97	10.9239045783429
-1.96	15.7434439253065
-1.95	8.29591619665797
-1.94	8.49328789889351
-1.93	8.93001066418489
-1.92	10.8480887228265
-1.91	10.6675034369607
-1.9	11.9845288581157
-1.89	11.8960946868187
-1.88	8.06549160151786
-1.87	14.7417493934023
-1.86	9.87906861383475
-1.85	8.69154892437564
-1.84	9.72468928015966
-1.83	7.76312773191609
-1.82	7.73709104739966
-1.81	11.3193478557027
-1.8	9.38677621802731
-1.79	9.22382331118221
-1.78	10.6761632063499
-1.77	4.34576777463496
-1.76	13.0208206908086
-1.75	15.2062530202685
-1.74	7.66845034616053
-1.73	11.7902382558723
-1.72	11.3066239796383
-1.71	8.69032410992989
-1.7	5.47387125614013
-1.69	2.9629980818694
-1.68	8.38240731651016
-1.67	9.43334804335656
-1.66	10.6223153700108
-1.65	8.10247215195767
-1.64	6.89266726964083
-1.63	9.38389381722455
-1.62	5.60015622325838
-1.61	11.9893909320168
-1.6	6.24318568304257
-1.59	9.51062085083053
-1.58	8.63556619546416
-1.57	8.82922100185418
-1.56	10.8710730787275
-1.55	2.2321570715081
-1.54	10.2020587310972
-1.53	10.2535825603302
-1.52	12.1305641867746
-1.51	2.74396551343148
-1.5	9.92101134553717
-1.49	7.23813210713281
-1.48	4.71119248827288
-1.47	10.6936467788297
-1.46	8.3268492570522
-1.45	8.43816852703359
-1.44	5.2782932735462
-1.43	9.2113909303225
-1.42	7.47978428201255
-1.41	4.91760107914371
-1.4	6.80698094400012
-1.39	5.92893442896678
-1.38	5.65824910949894
-1.37	4.08317577233722
-1.36	6.32687505640721
-1.35	5.7287160694986
-1.34	7.7943043926776
-1.33	5.71023356957347
-1.32	4.74194297694588
-1.31	7.87048408420097
-1.3	4.66245192074992
-1.29	7.14330789608258
-1.28	0.384384207219149
-1.27	3.88727829990841
-1.26	6.82882084794567
-1.25	6.63335208034598
-1.24	5.65086656069689
-1.23	6.08956035656609
-1.22	6.04585192356667
-1.21	7.36984426865412
-1.2	9.41479763606808
-1.19	3.09022506525535
-1.18	4.72260339892221
-1.17	2.74835534479796
-1.16	5.85054480914386
-1.15	5.7794662173156
-1.14	8.70059999688766
-1.13	7.23435427225924
-1.12	9.17236728302072
-1.11	13.3013501701167
-1.1	3.15912957688681
-1.09	2.22063577348445
-1.08	8.54768894652807
-1.07	1.9892995255713
-1.06	8.73744167454664
-1.05	2.08632800800976
-1.04	6.80945268329278
-1.03	6.00536767411122
-1.02	5.72032168910533
-1.01	9.16735146938124
-1	3.61915919904467
-0.99	8.73232394310815
-0.98	6.14310019747552
-0.970000000000001	7.66082349618874
-0.959999999999999	9.99787646335632
-0.949999999999999	2.78218877376773
-0.94	4.84541576368063
-0.93	4.48568672045561
-0.92	8.61673257424088
-0.91	3.58537331234933
-0.9	7.62185927327396
-0.890000000000001	7.03789241264857
-0.879999999999999	0.97771635620426
-0.869999999999999	5.01040531776784
-0.859999999999999	7.31819897215699
-0.85	2.14058440047287
-0.84	7.41682326206683
-0.83	3.73257145593477
-0.82	5.80081029698999
-0.81	2.28942805839515
-0.799999999999999	8.25015339512101
-0.789999999999999	11.2764320551108
-0.779999999999999	8.11675618930598
-0.77	1.94774795142122
-0.76	8.04143796295393
-0.75	6.82906380548585
-0.74	10.909872224355
-0.73	2.05279846123468
-0.720000000000001	9.61517774497642
-0.709999999999999	4.60354040650162
-0.699999999999999	4.52237300103361
-0.69	7.57717259646343
-0.68	5.07919760023824
-0.67	6.29123519514252
-0.66	-0.764799046188261
-0.65	-0.526397149068051
-0.640000000000001	3.4140913671075
-0.629999999999999	12.3559056712039
-0.619999999999999	1.53169730266294
-0.609999999999999	4.74813514967022
-0.6	6.66404698452033
-0.59	7.00948705170532
-0.58	1.29010725603139
-0.57	2.48636183837704
-0.56	5.46530400810205
-0.549999999999999	5.71556180756197
-0.539999999999999	5.10183326306517
-0.529999999999999	9.03029361462874
-0.52	3.62155416513425
-0.51	-0.866516998881949
-0.5	6.87282053077099
-0.49	1.87616281015926
-0.48	5.07979189564511
-0.470000000000001	6.65214507889972
-0.459999999999999	6.10166779772569
-0.449999999999999	6.46212019136534
-0.44	0.500507995817788
-0.43	3.23802866942524
-0.42	5.39249906133072
-0.41	4.27205601494503
-0.4	10.2350068195357
-0.390000000000001	3.28420338922877
-0.379999999999999	7.40640881119473
-0.369999999999999	7.72156732311271
-0.359999999999999	2.89025706855692
-0.35	6.23734829370265
-0.34	8.11354558376557
-0.33	4.56354060461765
-0.32	4.84025325737773
-0.31	6.71078996658665
-0.299999999999999	8.4851278070876
-0.289999999999999	2.56301701224513
-0.279999999999999	5.94373300865531
-0.27	3.25050206328752
-0.26	9.5030548372497
-0.25	9.26011570688859
-0.24	2.07976267797114
-0.23	0.792297368498875
-0.220000000000001	0.802834418836687
-0.209999999999999	4.84825941832477
-0.199999999999999	4.73301510898989
-0.19	6.69070289404772
-0.18	1.33333837942723
-0.17	6.35836574024854
-0.16	7.42584875123682
-0.15	4.00772261126175
-0.140000000000001	6.02700517853839
-0.129999999999999	6.30380524594819
-0.119999999999999	6.86952531344339
-0.109999999999999	12.9159287187623
-0.0999999999999996	0.703356340084442
-0.0899999999999999	11.2213161228316
-0.0800000000000001	4.49064549286271
-0.0700000000000003	9.0008879190886
-0.0600000000000005	4.68891300758037
-0.0499999999999989	4.74086090371047
-0.0399999999999991	12.5106032740992
-0.0299999999999994	5.23568134857007
-0.0199999999999996	5.11000019839191
-0.00999999999999979	3.92438695967667
0	8.9732804487188
0.00999999999999979	5.45337600261982
0.0199999999999996	9.20814290453685
0.0299999999999994	7.15484404682733
0.0400000000000009	5.50597509215796
0.0500000000000007	7.27944212901194
0.0600000000000005	7.67413515167057
0.0700000000000003	7.51271251463774
0.0800000000000001	10.4793500161802
0.0899999999999999	7.32961157329605
0.0999999999999996	0.586745162033526
0.109999999999999	9.47171904961005
0.120000000000001	9.01719330827515
0.130000000000001	5.04339226602043
0.140000000000001	7.88217709019345
0.15	8.94177158346567
0.16	5.15864378961159
0.17	10.9661739884589
0.18	10.2294066840586
0.19	4.38630143064723
0.200000000000001	14.7210600384633
0.210000000000001	7.2688482669349
0.220000000000001	8.26066743095057
0.23	8.76042003736724
0.24	4.5043627947203
0.25	4.24556462145482
0.26	13.741514042924
0.27	9.35115629123251
0.279999999999999	7.39352671817772
0.290000000000001	10.8243663446413
0.300000000000001	6.78992260599302
0.31	4.49291089745754
0.32	9.95804143820135
0.33	9.91659826137352
0.34	6.52579267122334
0.35	6.39872632136584
0.359999999999999	7.12907061353566
0.370000000000001	6.54234357850907
0.380000000000001	9.28211926790974
0.390000000000001	11.2372682001251
0.4	11.7557355033611
0.41	7.82163758292794
0.42	12.8762977564843
0.43	8.95701963330122
0.44	12.8281271505473
0.450000000000001	6.504494787441
0.460000000000001	10.5575195920087
0.470000000000001	7.98141737397966
0.48	10.6077176556707
0.49	5.18939408014206
0.5	13.4276386502233
0.51	9.41118373505716
0.52	8.21659688522864
0.529999999999999	7.56315502694128
0.540000000000001	11.2288959925164
0.550000000000001	12.7179363066943
0.56	10.2710352807395
0.57	5.35927614018398
0.58	8.59522176653702
0.59	15.9300392069187
0.6	11.7472390568689
0.609999999999999	13.6471986031647
0.620000000000001	12.495677383183
0.630000000000001	9.90214779251606
0.640000000000001	9.15282566272536
0.65	8.71588522029444
0.66	8.76891121985769
0.67	11.8036012927903
0.68	13.9794353347409
0.69	10.7790957228333
0.700000000000001	9.96101376755893
0.710000000000001	8.32605132119377
0.720000000000001	11.8097658374393
0.73	15.9024130774308
0.74	9.33502617873839
0.75	11.9204619525464
0.76	12.5042174081739
0.77	13.8717771244822
0.779999999999999	14.5829481572242
0.790000000000001	7.82232769363946
0.800000000000001	11.525349096506
0.81	14.1509526821499
0.82	13.1642808974062
0.83	17.4418416064626
0.84	10.5506709845296
0.85	15.6652301522258
0.859999999999999	9.91335766190401
0.870000000000001	15.3886580213466
0.880000000000001	13.048221753035
0.890000000000001	10.0688011122381
0.9	10.3025350593974
0.91	13.0813411441789
0.92	17.3669014211981
0.93	15.9120811311437
0.94	12.4242319251266
0.950000000000001	13.017000791976
0.960000000000001	13.7844633628869
0.970000000000001	13.6356704148223
0.98	16.9484535750274
0.99	12.720526170668
1	14.7400464866883
1.01	12.3436311177898
1.02	15.053730180763
1.03	8.04571224109562
1.04	12.2543220847408
1.05	13.8299425261959
1.06	12.4810042283486
1.07	13.2920559893229
1.08	12.0106040141118
1.09	14.4296114582352
1.1	10.4108039152812
1.11	12.4413533195589
1.12	11.9296076170987
1.13	14.5920255053041
1.14	19.0813721264767
1.15	15.0315036071314
1.16	9.75834955510233
1.17	16.1785344036721
1.18	14.7237063969702
1.19	13.9936588915987
1.2	13.3923659994459
1.21	10.545724037331
1.22	15.6212362273935
1.23	12.7159610559499
1.24	15.8147572357782
1.25	10.0321732353621
1.26	13.8730751377447
1.27	21.8521401584822
1.28	19.4809155745075
1.29	23.8534219690795
1.3	19.6941949667171
1.31	21.1975680169496
1.32	19.3888826212276
1.33	15.7216406821295
1.34	18.1219282534773
1.35	12.5850853844356
1.36	19.6010798253181
1.37	18.1433542437045
1.38	15.0077812462679
1.39	20.4466416957196
1.4	15.8463778006422
1.41	17.3732734894936
1.42	18.427168944977
1.43	17.0705575902675
1.44	14.7805136662387
1.45	19.4225211780386
1.46	18.9202422887685
1.47	19.1118168645643
1.48	19.7900334933252
1.49	18.3398697888584
1.5	22.3223369470057
1.51	22.7494855847462
1.52	17.6230356713586
1.53	16.942078912483
1.54	20.3824692615381
1.55	20.6879786052634
1.56	20.7817555122911
1.57	17.5211603493427
1.58	20.5576534293415
1.59	22.5706846040893
1.6	23.848904850947
1.61	20.5897323924558
1.62	20.7107188894307
1.63	19.2617837836218
1.64	12.7840682799828
1.65	27.0895706654755
1.66	19.8794198982253
1.67	23.1463476074833
1.68	19.231872795521
1.69	25.2043526324403
1.7	26.2445967525465
1.71	17.8097514467247
1.72	24.4896115325091
1.73	24.5346122572031
1.74	21.100311751375
1.75	20.8393970195625
1.76	22.5921284459625
1.77	18.3408854009747
1.78	24.7892347020737
1.79	25.0468606948881
1.8	21.4455395525252
1.81	23.7617056142057
1.82	30.4529363790958
1.83	24.7417710578244
1.84	23.8258991879184
1.85	25.6210312167385
1.86	25.9483337311189
1.87	21.0757341992178
1.88	23.1328549928902
1.89	22.94889336425
1.9	26.4733500274349
1.91	29.7814570648063
1.92	28.9554403146105
1.93	26.0566093742976
1.94	23.9801704378676
1.95	26.7148400257257
1.96	25.8715120180086
1.97	22.9958328268861
1.98	20.4035827230987
1.99	29.1811791453887
2	28.0611633345245
2.01	30.2649591595574
2.02	23.2575211604049
2.03	28.879228389922
2.04	31.4491482995981
2.05	28.6483554785889
2.06	25.3843615332669
2.07	29.7083763328579
2.08	31.253822933897
2.09	25.8562236307686
2.1	31.2229486018508
2.11	30.1843669156963
2.12	29.3198354425644
2.13	27.285994627012
2.14	31.3352329478101
2.15	24.4160010366737
2.16	28.0074885456917
2.17	23.0058883711481
2.18	32.188414855353
2.19	28.4385650991765
2.2	35.3467525637486
2.21	28.2327666504635
2.22	29.4792806671035
2.23	26.9938813528717
2.24	31.738419187734
2.25	34.5544642817519
2.26	26.165635825173
2.27	30.2297967946041
2.28	32.0909489813691
2.29	28.6140670895664
2.3	28.9091783844942
2.31	30.7478288834586
2.32	33.1550692918796
2.33	34.0007366720102
2.34	31.9339898913412
2.35	30.4623907328937
2.36	38.4847853537162
2.37	37.2014606675535
2.38	36.4366163152249
2.39	34.8534807202122
2.4	33.6109761255598
2.41	33.3986942816696
2.42	32.4436660666336
2.43	30.7902906708073
2.44	34.8110405894493
2.45	35.3517881624015
2.46	37.3064952810235
2.47	36.2383846851125
2.48	38.8221838257061
2.49	35.1510918454395
2.5	35.1905079849577
2.51	37.4054217745616
2.52	37.9685206693063
2.53	39.3228768609954
2.54	34.9281966542558
2.55	41.005029743294
2.56	37.7530066967125
2.57	36.6281120545852
2.58	38.9300256008012
2.59	38.5660370512791
2.6	37.4365523235273
2.61	37.3753959208367
2.62	37.2533095024526
2.63	32.1091520237345
2.64	36.6235630947483
2.65	37.7651548374883
2.66	37.1129159705328
2.67	38.8527628440714
2.68	37.6908503561244
2.69	38.7620095378124
2.7	39.4629853889395
2.71	43.9472776656369
2.72	34.6262739987552
2.73	41.4594740847673
2.74	38.07696431583
2.75	40.8658020373125
2.76	44.8440324716475
2.77	43.8632578596048
2.78	40.5534400552278
2.79	44.7509883224975
2.8	39.7452271786902
2.81	37.1128202292577
2.82	42.1584572228901
2.83	48.5819685483841
2.84	36.7905364388626
2.85	48.0672804706681
2.86	45.5327803515762
2.87	42.2757788335291
2.88	42.5359026210143
2.89	41.1766739939147
2.9	42.1178767056821
2.91	47.3063156440481
2.92	43.0479601538478
2.93	45.3580577270999
2.94	41.0045499409774
2.95	41.7859338940109
2.96	43.5187612776283
2.97	44.7603406109086
2.98	46.7457641955274
2.99	49.43407460105
3	44.2428077153977
3.01	39.5368994395753
3.02	52.5289605580487
3.03	48.6427937988824
3.04	42.2834999798516
3.05	52.3886579165776
3.06	48.0074807519601
3.07	41.6637052599285
3.08	49.2750151534843
3.09	38.3378348178079
3.1	51.3319716401978
3.11	50.3559792908058
3.12	49.684078142539
3.13	49.2252913684843
3.14	51.285461953553
3.15	50.7599503563228
3.16	48.9788699143573
3.17	53.0591696519829
3.18	46.9118180837556
3.19	55.1790094710184
3.2	54.9087218601386
3.21	51.668098949549
3.22	53.6392599147012
3.23	51.0173912666962
3.24	49.5818631681114
3.25	47.0304649026204
3.26	51.5223004986039
3.27	52.4033332727672
3.28	49.2368856684114
3.29	49.3115888353612
3.3	49.0445583021803
3.31	53.0656054436788
3.32	47.5841600829644
3.33	54.5456934183061
3.34	58.1762348479312
3.35	58.4404026457529
3.36	57.0211096112969
3.37	52.9781297184759
3.38	52.4036605940354
3.39	54.9272058814645
3.4	55.1879777415331
3.41	53.2999235186167
3.42	56.2253012605791
3.43	56.2932574526109
3.44	52.9823962984945
3.45	57.6792174394556
3.46	58.566065358411
3.47	57.3767922805426
3.48	64.5039083399654
3.49	58.6488704082546
3.5	58.3346975621818
3.51	58.1093113473924
3.52	55.8447632831576
3.53	55.8861955718765
3.54	58.7505188986969
3.55	57.7460440874674
3.56	60.9077890577264
3.57	53.8312327267545
3.58	63.5536873647001
3.59	56.0041808746127
3.6	57.6865598982731
3.61	62.6626759862427
3.62	62.0032510889698
3.63	63.8376355958084
3.64	63.8440487165969
3.65	63.8883203576464
3.66	61.3257163285434
3.67	63.5158609044337
3.68	62.7111182725716
3.69	65.5398097153535
3.7	64.3036851848797
3.71	64.7199651159574
3.72	60.0932784304252
3.73	63.996032504365
3.74	69.6202656725756
3.75	63.6532433660836
3.76	63.9267092309456
3.77	64.4382956859939
3.78	66.5219340273863
3.79	67.0917244126911
3.8	62.348831815898
3.81	59.7253003606662
3.82	71.9644921314484
3.83	66.2635371596639
3.84	72.6828595891241
3.85	65.7300248546769
3.86	62.4280537157816
3.87	66.9920078121672
3.88	67.0496711213338
3.89	68.6098087259651
3.9	62.2991918164286
3.91	72.6478767866871
3.92	69.1919819462687
3.93	67.1828279930813
3.94	74.9492480621022
3.95	71.5052870385428
3.96	71.5123209251525
3.97	69.9946522535317
3.98	69.9380820215434
3.99	74.6613695924662
4	68.6911993489802
4.01	71.0563947217336
4.02	72.4864112509316
4.03	75.6144561016299
4.04	76.5097302353309
4.05	70.4576918400563
4.06	73.0592168076771
4.07	74.0218239186947
4.08	76.5801079370991
4.09	72.179947765047
4.1	80.6683026786782
4.11	73.6541945594488
4.12	74.2309764111304
4.13	72.9703697347841
4.14	74.459290460613
4.15	76.8456324391356
4.16	80.8099961387603
4.17	68.4662880313136
4.18	76.8319819158805
4.19	78.2607400911315
4.2	80.8647466989652
4.21	78.1127144419306
4.22	77.544968776872
4.23	72.9482355394114
4.24	78.8509530886029
4.25	81.0495380587937
4.26	78.8288407543699
4.27	78.6555352714698
4.28	80.7743267572772
4.29	80.6109254910294
4.3	73.1231715802851
4.31	81.117414186414
4.32	81.4450227953424
4.33	83.1877934448702
4.34	84.6062514520381
4.35	81.090645375577
4.36	84.8904149221831
4.37	82.208031035473
4.38	75.3392091503597
4.39	84.9483056842066
4.4	82.2776928875474
4.41	83.8455722958743
4.42	78.2004826698713
4.43	84.7750059785647
4.44	85.4269478846096
4.45	84.3040421049367
4.46	86.2703839319216
4.47	81.5704402979381
4.48	82.6350932523682
4.49	87.296659404071
4.5	85.3967772951417
4.51	83.5498377765103
4.52	82.3724795398446
4.53	88.4929339484845
4.54	89.9982390011256
4.55	89.6124847411886
4.56	90.2842475846093
4.57	88.5438477061411
4.58	84.4175873785052
4.59	90.279607530461
4.6	87.9882114143792
4.61	87.0306165521563
4.62	90.8060008445089
4.63	88.2333186211077
4.64	85.7342578460601
4.65	87.0012396843932
4.66	90.4432839224428
4.67	94.6409822471126
4.68	90.2191805173216
4.69	90.1766407629561
4.7	89.818637486972
4.71	91.5684351019736
4.72	89.5117693032314
4.73	99.525212376076
4.74	91.6851128150323
4.75	92.0025431848294
4.76	91.6179403926261
4.77	88.8676617068116
4.78	92.7977079563641
4.79	95.7240293339106
4.8	92.8225871736113
4.81	93.8181742387344
4.82	102.588356490959
4.83	102.023261016239
4.84	101.927392322995
4.85	94.2513870308847
4.86	91.3575547559645
4.87	101.792862580242
4.88	104.508378745615
4.89	97.4264006309413
4.9	103.828171845833
4.91	101.775730497058
4.92	104.501375245383
4.93	99.6886795919421
4.94	95.7413145281212
4.95	98.4662838857569
4.96	94.7700165198747
4.97	96.912114638267
4.98	100.979172633792
4.99	103.342835420726
5	103.220649242685
5.01	101.557016468699
5.02	101.718484810427
5.03	100.896894727983
5.04	105.871328861931
5.05	107.195234684336
5.06	101.116106718891
5.07	102.92324468844
5.08	103.021622731601
5.09	107.500460107135
5.1	104.052505530516
5.11	106.183018061083
5.12	106.417404029586
5.13	108.368228674927
5.14	105.319447330817
5.15	108.328070268372
5.16	108.989140935699
5.17	112.010426829436
5.18	100.439035294886
5.19	103.374832024109
5.2	108.369229723266
5.21	110.435414244783
5.22	109.085408259952
5.23	109.210130431902
5.24	113.80418728607
5.25	113.241695822184
5.26	109.701610667127
5.27	109.96446085799
5.28	105.311994984487
5.29	109.937953819801
5.3	115.0504870318
5.31	110.038742137883
5.32	110.340281340362
5.33	114.698618472227
5.34	110.366006999227
5.35	110.653892867402
5.36	118.144671391691
5.37	117.055318832965
5.38	116.329779475663
5.39	113.389941967942
5.4	112.092280529815
5.41	114.549470904324
5.42	112.425314481372
5.43	119.316656937878
5.44	114.720394783009
5.45	121.60761769175
5.46	116.635848447541
5.47	124.437725514359
5.48	118.795778350262
5.49	118.959290832664
5.5	116.006296791302
5.51	116.035590185357
5.52	125.564254303196
5.53	119.303644784022
5.54	121.79541213452
5.55	116.067904620319
5.56	118.171821029838
5.57	123.184662453722
5.58	125.968702991182
5.59	122.918030335761
5.6	125.242326099673
5.61	123.867250220528
5.62	122.735483904847
5.63	130.203422978556
5.64	120.164699414945
5.65	123.628052653479
5.66	124.658431319061
5.67	127.725823262716
5.68	123.967203877394
5.69	127.138565348651
5.7	123.723026787371
5.71	123.587795017077
5.72	122.973203223296
5.73	123.773123067412
5.74	123.562065401911
5.75	130.41642896519
5.76	127.282459664361
5.77	133.150270555419
5.78	130.784348198563
5.79	129.057438940957
5.8	132.830581081357
5.81	127.944388429391
5.82	134.366536183417
5.83	130.94017187487
5.84	132.791044297037
5.85	131.748458920598
5.86	128.90834770819
5.87	136.809614505458
5.88	134.276759698789
5.89	138.022040176984
5.9	134.759837171528
5.91	134.306371911958
5.92	133.870199209823
5.93	139.258245222022
5.94	136.739465545071
5.95	131.939599925325
5.96	138.2905664656
5.97	132.866983439627
5.98	141.255116818808
5.99	137.472808428973
6	141.043840013111
6.01	139.251282156937
6.02	141.775976406926
6.03	136.981712381145
6.04	141.534954682011
6.05	140.541261436678
6.06	136.347053057061
6.07	138.657685606098
6.08	140.71604844992
6.09	148.950961058431
6.1	143.055184465056
6.11	143.627096837417
6.12	142.338112811795
6.13	143.863043241484
6.14	148.560578017066
6.15	140.872712505312
6.16	146.250735295986
6.17	148.714633911918
6.18	144.399642028733
6.19	149.246425686766
6.2	149.395742825688
6.21	148.465251211865
6.22	149.288563530336
6.23	151.073733673562
6.24	146.695167979786
6.25	149.142141825217
6.26	143.81088607439
6.27	148.462105383677
6.28	147.378040766634
6.29	154.016267113936
6.3	150.652178301068
6.31	154.219630657704
6.32	155.572268750951
6.33	149.796355677447
6.34	149.359041339294
6.35	150.295809595637
6.36	148.742790572988
6.37	153.83533040772
6.38	160.913778751595
6.39	151.96747239553
6.4	154.299458318736
6.41	147.18156437876
6.42	152.891932407241
6.43	160.350336751798
6.44	158.569054533443
6.45	157.399771747956
6.46	155.772253229472
6.47	160.738233512879
6.48	158.074565860068
6.49	154.978980898588
6.5	157.645406539596
6.51	161.170450190316
6.52	158.812575947621
6.53	162.027961382655
6.54	156.961089023622
6.55	159.577489469103
6.56	159.360449665414
6.57	163.280796379255
6.58	160.783477764316
6.59	160.186409058378
6.6	165.866461422278
6.61	165.738689241799
6.62	165.51025295994
6.63	161.881001726657
6.64	158.176613620596
6.65	165.019696833669
6.66	167.507940782664
6.67	165.884628168759
6.68	170.946054683085
6.69	164.319063075428
6.7	168.478159888369
6.71	168.806899833498
6.72	169.743937907383
6.73	173.488774699154
6.74	169.069729483958
6.75	169.986503183862
6.76	168.831009783461
6.77	172.19223191425
6.78	175.930720033026
6.79	172.893456821525
6.8	168.914074553113
6.81	174.002990977108
6.82	173.544459094563
6.83	170.717690104626
6.84	174.858256281214
6.85	180.743575472272
6.86	179.233204499612
6.87	179.164349558327
6.88	178.397705203804
6.89	172.634977451663
6.9	176.616162532225
6.91	169.117731040626
6.92	177.103806911898
6.93	179.511111894396
6.94	177.360093528145
6.95	183.098503264718
6.96	185.295675961469
6.97	178.278080988046
6.98	180.48512879058
6.99	183.111992389358
7	186.881132880017
7.01	183.079583525788
7.02	180.381611907483
7.03	184.712365737489
7.04	184.239172168359
7.05	182.90725826411
7.06	186.484214078695
7.07	186.924161725615
7.08	185.889211378125
7.09	189.264694842266
7.1	178.657833163641
7.11	190.787127699572
7.12	185.51567596775
7.13	190.832577565544
7.14	188.225410930941
7.15	192.477962725003
7.16	185.05143556151
7.17	189.593169278526
7.18	195.697243977618
7.19	190.667449367792
7.2	185.749384172435
7.21	188.358892410949
7.22	187.722935988243
7.23	196.643139590008
7.24	192.021263992694
7.25	194.136340368843
7.26	192.049848027894
7.27	195.317081456387
7.28	193.126719648125
7.29	196.442639642782
7.3	192.932111284484
7.31	195.848398154151
7.32	197.750704756478
7.33	199.099767884394
7.34	199.569049252836
7.35	197.317405996774
7.36	201.332441294893
7.37	199.897989703096
7.38	198.976685699993
7.39	197.895153584205
7.4	198.910738320501
7.41	195.997975386379
7.42	202.378285364371
7.43	206.268452472722
7.44	197.957996389842
7.45	201.83991306018
7.46	207.21212834052
7.47	205.809349294169
7.48	203.199701343107
7.49	203.487188715797
7.5	204.058990927795
7.51	209.866020030978
7.52	210.394559969394
7.53	212.073574643981
7.54	209.574856239818
7.55	212.402014449462
7.56	209.11259766286
7.57	208.531254597948
7.58	207.977535657935
7.59	207.096354644713
7.6	213.176478226147
7.61	209.127025085467
7.62	214.035482157439
7.63	210.986778658241
7.64	212.811079456682
7.65	211.52092650948
7.66	214.528554682165
7.67	213.440550704947
7.68	213.934138672069
7.69	218.083472243508
7.7	220.737217685739
7.71	213.446779230611
7.72	215.115711672246
7.73	214.814625618682
7.74	216.334371056602
7.75	212.962842515619
7.76	215.827584317522
7.77	215.662571363911
7.78	220.881380520355
7.79	223.465196836567
7.8	219.293314739992
7.81	226.28866053593
7.82	221.4356750784
7.83	223.03958708259
7.84	224.295238000195
7.85	218.760079036586
7.86	224.393346488424
7.87	225.662477096482
7.88	229.378248755178
7.89	231.243218451023
7.9	229.061002750498
7.91	223.73843516222
7.92	223.676701733789
7.93	224.180890332081
7.94	228.189128403102
7.95	221.911764498273
7.96	228.744373102787
7.97	228.048335486204
7.98	229.637589326735
7.99	230.00204098507
8	233.46107179854
8.01	229.78750787082
8.02	232.523937753292
8.03	234.496830942921
8.04	230.654931968761
8.05	232.634409533573
8.06	235.729468879123
8.07	235.070413375374
8.08	236.996812045117
8.09	240.461900865683
8.1	239.790535604125
8.11	234.372933704966
8.12	235.848090210869
8.13	233.603435503756
8.14	237.96209089262
8.15	241.467156581403
8.16	242.61414346103
8.17	242.505858468732
8.18	240.818705770796
8.19	238.737810084442
8.2	243.702180876409
8.21	235.734072664505
8.22	243.914340850097
8.23	243.242943477044
8.24	241.04298464316
8.25	243.404850816876
8.26	244.384500335493
8.27	249.002956688922
8.28	244.592804286347
8.29	244.445188358721
8.3	248.127331454873
8.31	244.670317336369
8.32	253.592997048308
8.33	243.512923590716
8.34	251.162710535702
8.35	252.165677345408
8.36	251.502533767998
8.37	246.777067892747
8.38	250.520292919215
8.39	242.916598007947
8.4	256.298577348373
8.41	251.548804968425
8.42	249.270226280518
8.43	250.824556206316
8.44	256.083726074456
8.45	259.521077560782
8.46	256.636934427113
8.47	254.641189048729
8.48	263.3225291616
8.49	254.48849797421
8.5	253.223813058106
8.51	254.718288360511
8.52	264.770769493097
8.53	261.755600959402
8.54	260.696992922597
8.55	264.282742291639
8.56	265.535363335467
8.57	267.943237936087
8.58	260.173075290878
8.59	266.621275162331
8.6	266.504137839821
8.61	267.911665844656
8.62	264.272506071411
8.63	266.193723600912
8.64	264.311577574316
8.65	268.133885851836
8.66	264.232629175326
8.67	264.442551363236
8.68	266.784631482148
8.69	266.126077349371
8.7	267.669966090482
8.71	272.04725412767
8.72	272.505874936995
8.73	264.450446328937
8.74	271.63483237331
8.75	264.420773018442
8.76	269.322134818364
8.77	271.105282637607
8.78	269.082566375524
8.79	271.622441277487
8.8	272.471263322253
8.81	273.366606960543
8.82	279.429792777743
8.83	272.025860192288
8.84	272.906440820102
8.85	273.714264806841
8.86	281.160393810971
8.87	274.593319024509
8.88	275.010468328845
8.89	280.642787682091
8.9	281.466146517816
8.91	276.613393255002
8.92	279.057826765347
8.93	286.85992922345
8.94	277.96192660933
8.95	281.801383738589
8.96	281.917505321102
8.97	286.43982981521
8.98	280.750508811057
8.99	281.337965302795
9	280.798735130814
9.01	285.84983829568
9.02	285.593758432139
9.03	292.965894170007
9.04	290.594281838599
9.05	289.9141620608
9.06	284.251878882666
9.07	289.342159880224
9.08	288.880274294722
9.09	293.980622899228
9.1	292.993864149972
9.11	297.972634446132
9.12	294.144819183071
9.13	292.897491036719
9.14	293.106268582448
9.15	295.191821239837
9.16	298.496731588832
9.17	294.857137091937
9.18	302.323470462499
9.19	300.210524650908
9.2	300.113144312371
9.21	299.832567861066
9.22	298.723554101014
9.23	300.332383000757
9.24	303.274219313091
9.25	303.073485687812
9.26	302.4441440515
9.27	305.118204768765
9.28	300.100604692842
9.29	302.024375042117
9.3	298.623565433871
9.31	308.776472717431
9.32	305.385194402683
9.33	304.091156481501
9.34	301.03363908338
9.35	302.116508555176
9.36	309.788762427888
9.37	309.135548915492
9.38	308.408587588917
9.39	310.223218060486
9.4	302.14710272877
9.41	311.971516033366
9.42	310.995325730606
9.43	308.870223972403
9.44	312.415181495329
9.45	315.629816638855
9.46	308.680431358074
9.47	311.170761681314
9.48	317.385205899855
9.49	312.008652455074
9.5	313.783779224914
9.51	311.660964347645
9.52	316.259955136359
9.53	313.330400563025
9.54	317.795525719264
9.55	321.232850262079
9.56	325.53333094876
9.57	323.640879968733
9.58	321.89429406462
9.59	322.657159012254
9.6	325.619071255927
9.61	317.607182142934
9.62	328.963718772574
9.63	323.824351709817
9.64	323.281524598571
9.65	323.242955295011
9.66	323.213563102394
9.67	325.207592381907
9.68	328.572324299412
9.69	327.156768939663
9.7	326.182003252541
9.71	332.665307835228
9.72	325.896967051732
9.73	327.814265616826
9.74	334.134336284004
9.75	330.80672561067
9.76	332.157413924126
9.77	332.827058342276
9.78	327.715821067464
9.79	334.962911169874
9.8	332.893924572713
9.81	337.251823814701
9.82	340.055658882054
9.83	337.56801102417
9.84	338.85377382422
9.85	336.392551659225
9.86	339.009280419563
9.87	334.870570795906
9.88	335.531189452035
9.89	342.023683092885
9.9	341.130425815854
9.91	345.720164184828
9.92	341.20275989413
9.93	345.478780229896
9.94	340.213637726009
9.95	341.313527553837
9.96	340.79454453557
9.97	342.370409918955
9.98	348.181059690452
9.99	347.305176147218
10	345.178140073403
