"X"	"Y"
-10	257.496220650524
-9.99	270.45507623619
-9.98	308.058724999849
-9.97	238.088679044885
-9.96	267.496749959198
-9.95	214.830102364354
-9.94	310.609380613713
-9.93	281.746745125496
-9.92	252.259073445689
-9.91	260.373410475492
-9.9	240.766993958665
-9.89	246.467842692954
-9.88	281.417499017354
-9.87	225.789566864559
-9.86	282.768622084482
-9.85	218.071487280014
-9.84	266.125923957652
-9.83	310.195943347723
-9.82	242.733372140938
-9.81	299.029053934264
-9.8	294.227265892582
-9.79	281.50768215712
-9.78	278.244202329439
-9.77	265.831217200005
-9.76	242.754459690976
-9.75	291.561689510186
-9.74	237.1004611483
-9.73	296.191663723247
-9.72	261.18922676515
-9.71	268.554546666372
-9.7	264.777969392332
-9.69	277.653568285536
-9.68	221.769804951032
-9.67	301.827208150685
-9.66	233.290639311136
-9.65	263.419035844658
-9.64	255.785494263495
-9.63	214.687263395457
-9.62	247.750992893329
-9.61	242.07420334713
-9.6	277.772358384059
-9.59	225.819828276234
-9.58	269.781160114052
-9.57	221.931641554894
-9.56	287.982385566106
-9.55	209.721919771536
-9.54	253.985176061646
-9.53	209.382092747001
-9.52	269.454184937435
-9.51	271.655200670585
-9.5	236.084949153149
-9.49	170.874918609857
-9.48	248.006793922644
-9.47	252.858389987089
-9.46	234.935245340138
-9.45	214.788611499143
-9.44	246.669625317665
-9.43	267.716198672612
-9.42	205.583281555295
-9.41	238.755011123668
-9.4	245.530613171767
-9.39	202.716775229058
-9.38	261.733664242051
-9.37	201.914533324637
-9.36	218.544359217203
-9.35	266.99684732796
-9.34	191.915440619034
-9.33	239.681746971966
-9.32	200.7038334547
-9.31	244.198414934926
-9.3	253.25068873663
-9.29	239.355215637546
-9.28	206.71424868068
-9.27	282.871693766545
-9.26	211.281153950337
-9.25	244.618955345406
-9.24	267.541662538519
-9.23	201.168372590253
-9.22	237.355448103745
-9.21	251.714997225962
-9.2	155.7021174274
-9.19	253.874153409007
-9.18	179.757916665804
-9.17	235.628902976754
-9.16	226.015435473295
-9.15	165.449537570232
-9.14	224.529118507704
-9.13	240.759296838085
-9.12	234.728675186925
-9.11	194.205731963322
-9.1	224.997886320555
-9.09	225.467689182342
-9.08	223.990635879868
-9.07	265.8175980857
-9.06	226.148264083226
-9.05	236.589121833915
-9.04	230.145033137752
-9.03	206.974338956297
-9.02	185.420277714712
-9.01	206.668991665028
-9	175.129916451348
-8.99	239.169877928611
-8.98	239.467472158324
-8.97	185.640340434104
-8.96	228.224233772416
-8.95	223.959956072125
-8.94	119.517448258713
-8.93	167.727435717732
-8.92	180.898283917806
-8.91	232.782638128692
-8.9	176.843508145831
-8.89	204.993637797681
-8.88	194.174072596092
-8.87	152.643772471357
-8.86	203.63775622304
-8.85	217.756194822855
-8.84	155.859788761375
-8.83	260.760240087758
-8.82	185.287967827701
-8.81	211.393794173752
-8.8	183.8642609739
-8.79	192.214172835401
-8.78	165.962071496023
-8.77	172.532571093617
-8.76	230.378955155537
-8.75	177.760382860048
-8.74	225.077561183801
-8.73	181.813380583608
-8.72	235.014789953287
-8.71	189.022695209508
-8.7	213.72706380918
-8.69	166.053825615759
-8.68	218.398753913882
-8.67	204.085084716105
-8.66	211.826552370801
-8.65	223.290965469855
-8.64	193.883841824285
-8.63	189.111445803971
-8.62	173.76095262684
-8.61	210.603030183452
-8.6	152.435786528191
-8.59	199.579959795889
-8.58	239.03556279863
-8.57	214.739253846673
-8.56	207.735579782226
-8.55	160.227403139851
-8.54	138.584889425407
-8.53	178.269980738144
-8.52	189.514821708074
-8.51	188.173393803739
-8.5	246.740458232846
-8.49	199.437696104138
-8.48	186.763362603316
-8.47	138.21318187874
-8.46	208.244816448031
-8.45	181.457801969776
-8.44	231.960742140822
-8.43	189.9955385799
-8.42	185.577231086919
-8.41	162.979271229004
-8.4	199.575175533698
-8.39	235.773738309084
-8.38	201.827095661569
-8.37	163.122386425156
-8.36	231.479063668262
-8.35	203.879159934429
-8.34	126.364213808095
-8.33	216.111187898208
-8.32	190.804117771516
-8.31	200.165415942187
-8.3	148.163175755235
-8.29	190.9333951736
-8.28	213.585327935722
-8.27	159.211765166336
-8.26	166.708721738108
-8.25	174.856378320943
-8.24	134.527070714875
-8.23	153.653977299597
-8.22	208.718257255644
-8.21	197.589777045644
-8.2	161.046966292589
-8.19	199.095509849956
-8.18	183.370649351009
-8.17	174.37222011293
-8.16	147.571936051258
-8.15	244.795980955355
-8.14	134.91900248857
-8.13	178.92781220088
-8.12	220.98246710305
-8.11	148.33121755513
-8.1	194.945307913221
-8.09	163.96652306457
-8.08	174.260509621478
-8.07	160.291242352284
-8.06	191.088881817406
-8.05	174.203315879466
-8.04	204.711834544516
-8.03	175.790247433273
-8.02	135.036545947494
-8.01	159.199744656596
-8	179.993344883025
-7.99	214.799308232653
-7.98	151.437090721976
-7.97	149.723415328412
-7.96	113.757788161649
-7.95	179.262522016277
-7.94	156.26383634728
-7.93	201.943468849991
-7.92	174.202652059418
-7.91	136.441504303382
-7.9	146.522773867733
-7.89	161.502407757197
-7.88	122.730969022451
-7.87	161.233490253642
-7.86	141.799789546568
-7.85	171.346900733799
-7.84	179.599276549967
-7.83	128.993842042418
-7.82	148.925474544317
-7.81	114.488742085015
-7.8	197.535975511522
-7.79	159.602984511553
-7.78	205.201067048234
-7.77	153.112399235049
-7.76	172.476534111079
-7.75	139.75462969953
-7.74	181.473027178639
-7.73	118.471213842927
-7.72	164.648136981032
-7.71	140.944009982787
-7.7	154.368660349734
-7.69	174.749651102452
-7.68	117.48635538505
-7.67	161.534147380723
-7.66	168.590541331258
-7.65	92.5083860132295
-7.64	157.992798328076
-7.63	116.215552513533
-7.62	166.986792013813
-7.61	176.448977219691
-7.6	152.087233230924
-7.59	173.886473843469
-7.58	134.712820083603
-7.57	127.652727430849
-7.56	172.085047835759
-7.55	152.668246388852
-7.54	196.719406747367
-7.53	146.631427831699
-7.52	141.582998494339
-7.51	126.918462183295
-7.5	152.720220678237
-7.49	152.063738444749
-7.48	125.910889293732
-7.47	114.081281054785
-7.46	114.079374186021
-7.45	136.997742975725
-7.44	159.191181933472
-7.43	139.732552718103
-7.42	182.234606775296
-7.41	149.991492456886
-7.4	175.803043006408
-7.39	135.411298895063
-7.38	197.944335650647
-7.37	121.878412428363
-7.36	129.607200924774
-7.35	117.85314821984
-7.34	126.650866438976
-7.33	155.255725845005
-7.32	184.30991500571
-7.31	179.322059539426
-7.3	83.0836134873108
-7.29	116.951466788696
-7.28	135.900087915639
-7.27	179.279242214819
-7.26	149.959405600693
-7.25	130.423223782601
-7.24	140.908751709985
-7.23	134.148096690496
-7.22	134.940051529275
-7.21	127.982219823734
-7.2	132.988444379519
-7.19	114.695306663032
-7.18	123.231556179532
-7.17	142.131859718288
-7.16	123.233760533399
-7.15	134.669090126418
-7.14	103.971990049535
-7.13	173.916601806173
-7.12	116.688674061255
-7.11	96.2345688802752
-7.1	134.401633505468
-7.09	116.774032728009
-7.08	123.12967116974
-7.07	91.9110576698955
-7.06	118.134379653096
-7.05	127.763831271735
-7.04	83.8336757493981
-7.03	93.1182021834354
-7.02	133.884036540409
-7.01	117.004292434041
-7	137.597242462823
-6.99	114.091929952795
-6.98	125.261112806773
-6.97	146.163642637786
-6.96	139.971945183836
-6.95	105.022669642921
-6.94	124.116869041781
-6.93	110.127057106566
-6.92	99.7969072563825
-6.91	93.7785581203117
-6.9	136.565374291576
-6.89	118.714940828015
-6.88	178.811960822977
-6.87	146.049423608314
-6.86	126.173264222634
-6.85	132.33381292581
-6.84	111.615415016487
-6.83	131.120725511625
-6.82	109.668695197945
-6.81	108.484398593821
-6.8	109.438675118273
-6.79	144.496605190354
-6.78	100.751125262519
-6.77	95.6864647299942
-6.76	103.074723287231
-6.75	99.3583772106871
-6.74	40.6914275174975
-6.73	135.230738977897
-6.72	137.720035323576
-6.71	134.428296424811
-6.7	67.5810592631302
-6.69	118.207289912446
-6.68	118.333957721377
-6.67	91.4074948097739
-6.66	86.5184325956215
-6.65	135.222007397296
-6.64	108.451313110135
-6.63	80.1560623021924
-6.62	118.89435754688
-6.61	121.37333273883
-6.6	91.8411942550217
-6.59	126.871112627354
-6.58	142.635081601484
-6.57	139.317373266648
-6.56	101.841102258595
-6.55	134.849515351439
-6.54	118.461423798051
-6.53	120.8952125805
-6.52	127.413726951963
-6.51	118.946571332918
-6.5	132.832550317216
-6.49	128.895204586024
-6.48	137.997475004857
-6.47	113.352110001611
-6.46	77.1884432321195
-6.45	119.779564938244
-6.44	87.9580150145664
-6.43	82.5720982182208
-6.42	73.762612540156
-6.41	83.1980820145206
-6.4	100.82529769446
-6.39	51.0188121873774
-6.38	90.6393498082725
-6.37	129.123238202881
-6.36	95.8030021590203
-6.35	84.1084533339153
-6.34	112.581249596343
-6.33	69.7786876634883
-6.32	91.4693406201052
-6.31	84.0609938300905
-6.3	74.5641354433256
-6.29	104.46043667388
-6.28	54.3449871998687
-6.27	89.1229720212783
-6.26	73.5663866512658
-6.25	121.792540925866
-6.24	90.5543659972897
-6.23	114.447920268357
-6.22	103.312907615443
-6.21	77.2875583904186
-6.2	98.0091379263722
-6.19	81.8976312918227
-6.18	91.2715994804974
-6.17	75.5825190920022
-6.16	71.6997286410365
-6.15	87.124690675378
-6.14	119.400019642887
-6.13	82.0838643247415
-6.12	149.397889287732
-6.11	40.4699804435919
-6.1	48.4102283531735
-6.09	88.0616056673322
-6.08	43.2510923462243
-6.07	88.6916283475178
-6.06	38.732066183095
-6.05	138.04576980995
-6.04	110.586459599693
-6.03	110.119371772067
-6.02	46.7797179309583
-6.01	122.07679314806
-6	84.4433632702753
-5.99	94.0509640207647
-5.98	28.0870950603925
-5.97	102.748610461234
-5.96	65.8043761296077
-5.95	90.642434966398
-5.94	104.220535694457
-5.93	96.706525284217
-5.92	66.6909320638492
-5.91	110.380781443637
-5.9	93.4379636138618
-5.89	116.100451559574
-5.88	71.9820411227267
-5.87	51.4613271973538
-5.86	69.1125930051497
-5.85	27.8262945611671
-5.84	113.65765370167
-5.83	142.164709944622
-5.82	101.083781562986
-5.81	92.4470977369143
-5.8	96.2672303304625
-5.79	66.0302121776334
-5.78	112.547178765737
-5.77	56.1761241676194
-5.76	80.0239786092959
-5.75	62.8247862991041
-5.74	35.7083781445463
-5.73	81.1708100452674
-5.72	75.3304727459434
-5.71	71.8590298423156
-5.7	101.046876701856
-5.69	100.975865766664
-5.68	47.700659559562
-5.67	73.9779843398829
-5.66	80.5161265323809
-5.65	86.0325205040895
-5.64	79.8222596852228
-5.63	62.9246925129155
-5.62	144.136654812123
-5.61	41.346942039694
-5.6	65.9536962514806
-5.59	60.0780529562898
-5.58	98.8390327283394
-5.57	87.5451989528392
-5.56	61.6117617314153
-5.55	93.0045977669415
-5.54	97.1151350403517
-5.53	98.808141423896
-5.52	35.1569058041045
-5.51	90.8180195282857
-5.5	-6.33312716234499
-5.49	66.3051994561683
-5.48	90.2969251991515
-5.47	114.529167045036
-5.46	70.5090803643076
-5.45	94.9345366234444
-5.44	61.7813561171075
-5.43	51.975614359075
-5.42	123.353615767516
-5.41	87.0703963720998
-5.4	107.578714535586
-5.39	96.1977183398262
-5.38	123.555022848027
-5.37	102.46262001748
-5.36	81.1015357684275
-5.35	61.0953030940269
-5.34	85.9776532938831
-5.33	61.3037483769611
-5.32	60.0371745944602
-5.31	54.9547108330029
-5.3	31.7825632641194
-5.29	77.1203289925847
-5.28	74.3115080524596
-5.27	71.9915598001688
-5.26	26.2229192272901
-5.25	102.767625322795
-5.24	26.0814201475564
-5.23	57.0157760673238
-5.22	104.007663121447
-5.21	84.5073287092507
-5.2	60.9881920752976
-5.19	95.0797501279896
-5.18	43.9174506236429
-5.17	73.1849191163746
-5.16	88.5191215778831
-5.15	59.8444021327789
-5.14	84.4824022446761
-5.13	45.8608565148617
-5.12	102.216655520982
-5.11	104.656951823226
-5.1	58.8168511524171
-5.09	86.0498804775643
-5.08	33.5197267742426
-5.07	33.7971362526104
-5.06	45.8362309560608
-5.05	58.5062775287011
-5.04	83.8592856636982
-5.03	30.9196006662331
-5.02	92.4069616558559
-5.01	108.35417748283
-5	108.930016488883
-4.99	35.5936569897972
-4.98	42.3280746085088
-4.97	34.7171174010794
-4.96	61.3106672538264
-4.95	85.9079614761374
-4.94	55.5765467312216
-4.93	61.1244965139617
-4.92	19.5013704554533
-4.91	63.1013274309952
-4.9	52.0988954738309
-4.89	43.3593128842028
-4.88	41.1939892405235
-4.87	98.2440933897
-4.86	92.7664659012684
-4.85	-16.1158126739723
-4.84	37.9682138893248
-4.83	77.118058029186
-4.82	27.2726468206781
-4.81	-9.81608437031693
-4.8	55.825608068735
-4.79	36.889584740218
-4.78	86.7389620427628
-4.77	38.8986197669331
-4.76	66.0178742464518
-4.75	45.699768032078
-4.74	85.9688832765346
-4.73	72.1478674689504
-4.72	66.8971317231592
-4.71	52.9336949053568
-4.7	50.5483308466749
-4.69	53.5428569068751
-4.68	49.6022400978126
-4.67	62.968008213001
-4.66	81.1962620380726
-4.65	-20.2389707513989
-4.64	37.1219272165927
-4.63	83.4018166537192
-4.62	53.3312951426452
-4.61	28.6963892705186
-4.6	78.3363088171983
-4.59	57.9377851480983
-4.58	10.1024805692374
-4.57	86.3373679602814
-4.56	101.101654884256
-4.55	30.8447127936998
-4.54	45.041318485293
-4.53	47.926578764198
-4.52	24.1813999116661
-4.51	15.0212953884495
-4.5	17.805135780619
-4.49	100.595026911873
-4.48	123.705447955249
-4.47	77.3201490407286
-4.46	14.6585242252761
-4.45	73.8659950745298
-4.44	23.3009785782855
-4.43	32.616186284935
-4.42	87.4197343821357
-4.41	59.6260348671326
-4.4	42.724934793113
-4.39	30.8294794455563
-4.38	69.8538195036385
-4.37	26.7403186174739
-4.36	63.4336264775646
-4.35	-13.5721533698544
-4.34	53.6531066017384
-4.33	47.1684148488135
-4.32	67.5073125359758
-4.31	27.0128973576485
-4.3	-10.5684760730884
-4.29	37.0974651431362
-4.28	89.5808436116668
-4.27	27.6174688714839
-4.26	68.7759493244046
-4.25	46.6535976299403
-4.24	-0.210450522875234
-4.23	26.2009639958039
-4.22	78.3663042495027
-4.21	36.1877755186042
-4.2	100.829495603004
-4.19	56.3645534846519
-4.18	49.2544162960037
-4.17	97.7961294776817
-4.16	57.6349422204495
-4.15	33.2987536695414
-4.14	4.5812250895704
-4.13	44.5307094845255
-4.12	42.0732781610319
-4.11	24.7976233318826
-4.1	26.2333704558283
-4.09	10.0314950231797
-4.08	70.8611187348255
-4.07	71.7011278448764
-4.06	54.6253546604712
-4.05	31.6298059435995
-4.04	34.7483826270179
-4.03	40.1491111632818
-4.02	20.9796214305293
-4.01	10.4566617146245
-4	41.9760292855014
-3.99	-21.6018683969896
-3.98	70.5473281270415
-3.97	75.1217812425674
-3.96	61.6597130824525
-3.95	68.6902391451807
-3.94	12.7613267309011
-3.93	45.2782983054317
-3.92	57.1248746356532
-3.91	26.0854348546895
-3.9	39.41807400554
-3.89	93.3936777704364
-3.88	74.8488777482029
-3.87	49.0428911185321
-3.86	62.4171830089407
-3.85	25.497786423049
-3.84	58.7246048136135
-3.83	58.7138681781796
-3.82	-4.07204978477207
-3.81	30.8510818798044
-3.8	81.5736891240466
-3.79	93.5986727554486
-3.78	51.2354452882933
-3.77	27.2001940674158
-3.76	50.5200748084245
-3.75	-23.6590858089738
-3.74	51.6208379268865
-3.73	28.7118399760195
-3.72	22.4668732422795
-3.71	79.6874264894791
-3.7	4.71754946144914
-3.69	30.4374616293828
-3.68	44.7496392744014
-3.67	-9.51037889325084
-3.66	23.9001261026088
-3.65	12.2426332664555
-3.64	53.8064639205522
-3.63	5.32803834635284
-3.62	13.4221315801499
-3.61	50.3695435708036
-3.6	56.4677914075632
-3.59	-2.78137590903584
-3.58	28.9427802966687
-3.57	47.7116658544969
-3.56	-0.625785271682439
-3.55	31.4476293667639
-3.54	-0.876136506815765
-3.53	26.9665398815959
-3.52	14.6519902809682
-3.51	-45.9372673219341
-3.5	11.0775258483674
-3.49	11.9388765758029
-3.48	51.7642394803053
-3.47	22.6586636882512
-3.46	48.2784007658812
-3.45	68.8283222212813
-3.44	60.2883736433698
-3.43	29.3328234948861
-3.42	46.7264759802292
-3.41	58.9044504011644
-3.4	1.36635485799586
-3.39	-6.46942905605498
-3.38	31.0448894663369
-3.37	-11.6621528830183
-3.36	56.6545912193428
-3.35	31.7121530934648
-3.34	5.77295106687745
-3.33	77.72469172883
-3.32	4.93801661193448
-3.31	49.6696027118768
-3.3	3.1798898912521
-3.29	58.1239432565866
-3.28	65.930523258458
-3.27	43.2127180969267
-3.26	23.9150013110306
-3.25	44.3399592672778
-3.24	14.810049167685
-3.23	19.4218169655533
-3.22	40.2920159685553
-3.21	8.93682685940813
-3.2	-8.53756979088046
-3.19	33.0202158290523
-3.18	45.6517023882212
-3.17	-19.9271044459701
-3.16	4.43479264491141
-3.15	93.2461631132742
-3.14	28.5734652439671
-3.13	7.76659549293462
-3.12	12.9382280338905
-3.11	-23.0995307052595
-3.1	-4.9530249537347
-3.09	12.7475940970592
-3.08	4.63923649946347
-3.07	-7.99588471548748
-3.06	22.0528928085738
-3.05	-14.3880907776607
-3.04	17.0636000662763
-3.03	46.2480853374095
-3.02	-61.3149423110724
-3.01	-15.8857352248697
-3	10.3508652810543
-2.99	8.64542342598383
-2.98	39.7921138788811
-2.97	-2.68276162178034
-2.96	12.7455705999459
-2.95	4.17159735165115
-2.94	-17.2577589613397
-2.93	-32.6370949776528
-2.92	49.1527868472977
-2.91	23.4170080939605
-2.9	40.0481003239241
-2.89	21.1891623268878
-2.88	32.6351807557638
-2.87	10.4523420087058
-2.86	29.483634289488
-2.85	23.0018575264517
-2.84	39.6827525564226
-2.83	10.9121062150914
-2.82	22.912714656813
-2.81	64.7212114532716
-2.8	38.7825382554311
-2.79	32.4791483551129
-2.78	48.9206140264354
-2.77	10.8861375661352
-2.76	28.3646365236687
-2.75	6.51985619365778
-2.74	46.2327512670726
-2.73	29.9423754267691
-2.72	-15.0308585732953
-2.71	-36.3541336134785
-2.7	2.79518134401911
-2.69	71.472502348946
-2.68	-12.6883838015
-2.67	1.63525280568787
-2.66	-1.58824094659989
-2.65	-2.75629508711927
-2.64	55.3849052106127
-2.63	16.5947725019185
-2.62	56.5297356096684
-2.61	-4.12023715724414
-2.6	3.39914911715027
-2.59	2.8784897671317
-2.58	20.5622944232802
-2.57	-10.7648506554997
-2.56	24.5968042863948
-2.55	-5.65908304842083
-2.54	-26.2958046744993
-2.53	14.1568097493422
-2.52	48.945460037028
-2.51	2.75769690007464
-2.5	8.57424396231325
-2.49	-6.13909951840824
-2.48	17.8716764439901
-2.47	-37.3984471866649
-2.46	31.3595892739375
-2.45	12.1423803216237
-2.44	-21.2191675509136
-2.43	-3.43389546389902
-2.42	20.3290637108096
-2.41	43.3178503429889
-2.4	25.9581014109909
-2.39	43.3446258283629
-2.38	-12.200288582718
-2.37	24.7085287907561
-2.36	6.64555218627191
-2.35	4.01184839919037
-2.34	6.63735848325415
-2.33	0.831891316484404
-2.32	-5.89601653507512
-2.31	-23.631519396038
-2.3	35.4499139234471
-2.29	-19.2094770225201
-2.28	23.4969621322078
-2.27	-43.5591469472457
-2.26	52.2889995384485
-2.25	-2.83905753963995
-2.24	21.607265118851
-2.23	12.0429811714828
-2.22	25.8414151821553
-2.21	-1.74623190024306
-2.2	-23.248469873654
-2.19	4.91395548981509
-2.18	-30.4179196597422
-2.17	25.8395376916206
-2.16	11.5427661651253
-2.15	16.6993986293368
-2.14	2.62103529102313
-2.13	8.43740932413145
-2.12	-22.4273974170835
-2.11	16.8920930857542
-2.1	16.5227211111275
-2.09	10.7980758353524
-2.08	-10.8354487307701
-2.07	-15.2545350485056
-2.06	39.6490181594941
-2.05	3.75829748864451
-2.04	11.7504817000696
-2.03	55.5522752919468
-2.02	31.8327958508744
-2.01	53.9666986289912
-2	-0.0965234305060676
-1.99	6.88215196790585
-1.98	24.5260842980383
-1.97	0.520511202583263
-1.96	13.2357786152368
-1.95	56.8609679174027
-1.94	27.7226804135322
-1.93	3.12645288473782
-1.92	14.2568190322965
-1.91	-32.3988107082529
-1.9	48.5668596244727
-1.89	13.6320489929998
-1.88	-17.333958732484
-1.87	-21.9771724098251
-1.86	-27.5724761737295
-1.85	27.3604943089864
-1.84	-17.4924680958027
-1.83	43.5144917748957
-1.82	-41.3351550120778
-1.81	18.5197337932103
-1.8	-2.14592301625452
-1.79	-6.37802596637945
-1.78	33.5758741163078
-1.77	22.8391197899083
-1.76	26.5818052942445
-1.75	15.7232089915697
-1.74	32.9486111621632
-1.73	-45.0358958578896
-1.72	9.73261570204905
-1.71	-21.8043922762245
-1.7	-10.4245596587709
-1.69	8.18477227499162
-1.68	21.5550153281273
-1.67	-14.787165413218
-1.66	-14.6703119618944
-1.65	38.6704388152592
-1.64	49.1156032116109
-1.63	-20.0893931663502
-1.62	44.2274139617985
-1.61	32.1087034947427
-1.6	-4.0686313293783
-1.59	15.0992716206311
-1.58	27.9890775960926
-1.57	3.29677161560092
-1.56	32.1236288240542
-1.55	-7.42689466593551
-1.54	-2.8645648194027
-1.53	-21.5784422799109
-1.52	34.6652889142909
-1.51	-22.6827556915926
-1.5	55.3853571607153
-1.49	15.4869359113212
-1.48	-25.8771348601155
-1.47	18.5321916614759
-1.46	8.21287261270095
-1.45	0.427784134989937
-1.44	26.364893971203
-1.43	1.65476898766622
-1.42	-28.1325609214522
-1.41	7.64310205214125
-1.4	9.95907062689176
-1.39	24.8301580824212
-1.38	-9.85785472148795
-1.37	-12.6805258730163
-1.36	18.102028986975
-1.35	25.3033983334605
-1.34	-15.869890020267
-1.33	22.6136928105822
-1.32	8.28218985674253
-1.31	48.1754414720574
-1.3	39.5303855794615
-1.29	-21.6997865950236
-1.28	18.6792411885969
-1.27	-12.8763748248596
-1.26	18.7535306939996
-1.25	2.00379706554709
-1.24	-18.4840509627886
-1.23	-2.611163788871
-1.22	2.10080380887277
-1.21	27.868495030432
-1.2	10.6640355868418
-1.19	23.7514016024713
-1.18	-22.8737495777442
-1.17	37.0106326093571
-1.16	38.6441506985393
-1.15	20.2530654490717
-1.14	-11.9081473803773
-1.13	36.3189639130504
-1.12	-31.3111296851848
-1.11	25.3431948425188
-1.1	17.5937041121373
-1.09	68.5330021615247
-1.08	19.371508116723
-1.07	-23.9717946273451
-1.06	31.9328368574812
-1.05	-3.50840231391301
-1.04	57.5073565893585
-1.03	38.452864960048
-1.02	-10.1682225327592
-1.01	-1.57028011978521
-1	-6.61553640651554
-0.99	2.41314392838141
-0.98	17.4668235647679
-0.970000000000001	-54.0884066621842
-0.959999999999999	-19.557212348558
-0.949999999999999	-27.401764763334
-0.94	-38.7721640997431
-0.93	-11.3541882444751
-0.92	15.0567140754698
-0.91	22.1650740059811
-0.9	-8.32557295627323
-0.890000000000001	-6.26337016586335
-0.879999999999999	42.2122193647113
-0.869999999999999	2.09269390848712
-0.859999999999999	-8.32423786136459
-0.85	8.80498066051868
-0.84	16.1910773466315
-0.83	-17.4282949795877
-0.82	-4.98327224977772
-0.81	28.1607668554535
-0.799999999999999	14.1747456061211
-0.789999999999999	16.2271642972741
-0.779999999999999	6.10077857847648
-0.77	22.3683869955655
-0.76	7.10053660747425
-0.75	-11.7313012730339
-0.74	-13.5715727627425
-0.73	-43.5275655748565
-0.720000000000001	-21.4654568103109
-0.709999999999999	3.23838474389671
-0.699999999999999	-12.673856009441
-0.69	-17.0813807709976
-0.68	-10.8565448394163
-0.67	-40.2490288215666
-0.66	0.945166616343591
-0.65	-42.8330091267148
-0.640000000000001	8.4861585241757
-0.629999999999999	-23.375994642262
-0.619999999999999	-13.4713319041628
-0.609999999999999	1.4116308361605
-0.6	-18.9841880917276
-0.59	8.44905179277719
-0.58	1.81799817750517
-0.57	-55.2514591089667
-0.56	43.1484062823711
-0.549999999999999	45.0723138811379
-0.539999999999999	-2.20833867484926
-0.529999999999999	28.5278398761036
-0.52	-4.20482073144983
-0.51	23.5651704227325
-0.5	-3.82444389039421
-0.49	-13.0367884252561
-0.48	-5.30931057238284
-0.470000000000001	-7.38969310976763
-0.459999999999999	-11.2244807374313
-0.449999999999999	-24.0198769046783
-0.44	20.5260101815159
-0.43	26.8385996876892
-0.42	4.2422421360989
-0.41	37.1977543085674
-0.4	20.117668070146
-0.390000000000001	41.6751831453139
-0.379999999999999	-3.27201756172672
-0.369999999999999	-9.80390615659739
-0.359999999999999	22.3133381675893
-0.35	8.84405381417285
-0.34	-55.4071838108953
-0.33	-35.7585739194442
-0.32	7.68109695265463
-0.31	-38.3501248912432
-0.299999999999999	30.4044445075231
-0.289999999999999	-14.7378506808071
-0.279999999999999	-35.9716619122852
-0.27	15.7110910299544
-0.26	-26.9922090025056
-0.25	13.7660500263379
-0.24	21.7908017372931
-0.23	16.8767425119496
-0.220000000000001	23.6020808718894
-0.209999999999999	7.92749657326675
-0.199999999999999	20.7613172916044
-0.19	-24.6140688611216
-0.18	56.6830281791657
-0.17	-48.9418876924648
-0.16	-25.4959284503683
-0.15	42.0443184068276
-0.140000000000001	-5.81194978390958
-0.129999999999999	-5.64584372974909
-0.119999999999999	22.0548459733324
-0.109999999999999	39.0227322386212
-0.0999999999999996	-26.0229445407601
-0.0899999999999999	-19.1818161774894
-0.0800000000000001	5.10392153994633
-0.0700000000000003	51.3372150083056
-0.0600000000000005	-16.6101526672818
-0.0499999999999989	42.9814691872594
-0.0399999999999991	12.8345807898418
-0.0299999999999994	-14.8875654321909
-0.0199999999999996	-12.1926961849819
-0.00999999999999979	11.7669265319972
0	43.9330436060705
0.00999999999999979	19.8241546456159
0.0199999999999996	-15.6277340978591
0.0299999999999994	-15.7386529759941
0.0400000000000009	-34.1705836871382
0.0500000000000007	18.6918233394
0.0600000000000005	37.4303967021152
0.0700000000000003	-48.2370111067665
0.0800000000000001	41.536262925265
0.0899999999999999	19.19922393146
0.0999999999999996	11.4633060482312
0.109999999999999	-17.954520506144
0.120000000000001	28.3952134531266
0.130000000000001	-30.2387760632164
0.140000000000001	11.1537384719551
0.15	35.233671769554
0.16	0.63754537188439
0.17	7.19315854038993
0.18	-21.0755052493003
0.19	10.8778513381256
0.200000000000001	8.45023871995656
0.210000000000001	4.46113716615439
0.220000000000001	-28.2276862010828
0.23	-16.8350631174125
0.24	56.9915524318746
0.25	62.2762453267245
0.26	10.2801786563463
0.27	25.2536359677093
0.279999999999999	2.99340777714793
0.290000000000001	-53.2993045171491
0.300000000000001	-11.2016762114316
0.31	54.2460602829244
0.32	70.1373485556576
0.33	-0.68301100657143
0.34	42.3360795656289
0.35	56.0969460672957
0.359999999999999	6.66575086677375
0.370000000000001	41.9112665691326
0.380000000000001	-4.11818714653578
0.390000000000001	9.3263797578187
0.4	51.5521702914184
0.41	28.1628399981206
0.42	2.6070147399127
0.43	1.33925805634438
0.44	15.6324162047152
0.450000000000001	-15.6045972997838
0.460000000000001	-60.7665400553568
0.470000000000001	-34.6826644025424
0.48	-30.8855946008824
0.49	-40.6906050598672
0.5	-4.06251692981714
0.51	-18.8806916755212
0.52	3.46854612488807
0.529999999999999	1.48405857389365
0.540000000000001	57.6138185822484
0.550000000000001	-28.4290525729222
0.56	-24.7515598995174
0.57	-35.6693080201935
0.58	-0.244972746591746
0.59	-27.1674311460416
0.6	21.3040658477116
0.609999999999999	34.2075586239654
0.620000000000001	26.5409912994189
0.630000000000001	-10.7514564470224
0.640000000000001	43.0153127745011
0.65	24.8438241733815
0.66	-4.0841145073027
0.67	9.48565390594027
0.68	-47.5517791695191
0.69	-54.0888210084549
0.700000000000001	40.419009474488
0.710000000000001	50.9386658914921
0.720000000000001	31.403217362625
0.73	34.5159583706483
0.74	61.0056503857643
0.75	35.2765164838849
0.76	4.78121206155658
0.77	18.0796727183277
0.779999999999999	-2.29121631970483
0.790000000000001	20.7739295498824
0.800000000000001	49.6371695368143
0.81	-7.49093164157251
0.82	-39.4205857561109
0.83	-13.970707674758
0.84	72.1557178919099
0.85	38.9220114048089
0.859999999999999	17.0657059713342
0.870000000000001	34.9045267663474
0.880000000000001	-4.12157460264883
0.890000000000001	-38.4013197214127
0.9	10.9965536470391
0.91	-3.80105448305569
0.92	19.3377936605756
0.93	-5.60634836266214
0.94	17.7908933662736
0.950000000000001	20.5134212518861
0.960000000000001	20.4446423073949
0.970000000000001	-22.2492621975161
0.98	23.0013621511893
0.99	-3.8651053515577
1	10.3520470238236
1.01	36.8441291761572
1.02	50.9535502996698
1.03	-9.40416052985484
1.04	22.0191783066474
1.05	-12.1063344237329
1.06	45.5273811676305
1.07	7.839881563844
1.08	41.6253235086372
1.09	1.51592494294108
1.1	64.1912772115518
1.11	2.18211704652911
1.12	16.8189148598107
1.13	-40.8385968088238
1.14	34.4591082841248
1.15	-18.7551712015119
1.16	26.1938956750301
1.17	34.5112195640068
1.18	2.51418825020552
1.19	44.5511396679032
1.2	10.0691484025525
1.21	28.4041428066519
1.22	44.8306263541375
1.23	43.2732266032423
1.24	94.979522558514
1.25	10.4012314794419
1.26	-13.589099298197
1.27	19.4024700343737
1.28	60.6400771226646
1.29	38.6572230158073
1.3	-3.46976611255804
1.31	42.0093254939144
1.32	17.5089669204824
1.33	4.44793077147801
1.34	21.4749441206242
1.35	-35.4438809679939
1.36	-12.4888077836126
1.37	-6.45909168749404
1.38	16.8722138080337
1.39	55.1321351309974
1.4	31.4071788005069
1.41	-25.8553297320206
1.42	-24.772956939269
1.43	-8.23250946184288
1.44	27.9167292683553
1.45	0.130707138369246
1.46	26.4314637632846
1.47	23.013166508668
1.48	40.5397396251634
1.49	38.4561984099422
1.5	39.1189252650505
1.51	16.7377988053123
1.52	-6.6366051573734
1.53	-13.5647153008834
1.54	18.2203041414613
1.55	19.7360843031371
1.56	37.8158102486443
1.57	-11.7345183713897
1.58	57.3224566320465
1.59	85.8347356381389
1.6	5.5363569455153
1.61	24.9518192898896
1.62	8.56687727650139
1.63	-10.7881678512282
1.64	17.3644067584537
1.65	42.3851077467314
1.66	35.0929657487684
1.67	23.4256032334725
1.68	-10.4426653625615
1.69	13.8897224817632
1.7	9.75990774275978
1.71	20.4481233869255
1.72	-36.0795227528007
1.73	49.1423003639556
1.74	62.6256240513274
1.75	45.340879187311
1.76	-0.274091945460363
1.77	15.5208687378637
1.78	46.8923175017345
1.79	-3.41192583660686
1.8	20.0917753566288
1.81	57.9573367694035
1.82	-4.55317222833504
1.83	66.2740109410013
1.84	19.3245746678936
1.85	26.7816557707389
1.86	5.39001933450866
1.87	70.2512405915619
1.88	41.5520802308695
1.89	58.3170712584911
1.9	24.1985687866833
1.91	34.4505814348513
1.92	10.3868642479441
1.93	32.9193782816776
1.94	20.4760456628089
1.95	-20.9798850366946
1.96	36.7925506461625
1.97	18.7692001524028
1.98	25.4827266893739
1.99	12.7256487628368
2	64.0065297488843
2.01	32.6112138922491
2.02	70.2219570673576
2.03	-5.73496820295978
2.04	25.6774937317231
2.05	63.4533458368112
2.06	30.1649029135511
2.07	8.67207177169896
2.08	1.05507272312435
2.09	15.1287752896202
2.1	-3.76592748735024
2.11	84.7595357278924
2.12	13.6812093733746
2.13	32.1530025100175
2.14	51.3933893345579
2.15	19.7022326518988
2.16	3.96620282530546
2.17	50.4118755777385
2.18	31.7804679039942
2.19	51.5365829330315
2.2	55.9930285239022
2.21	21.8114891641896
2.22	-22.2139164644244
2.23	41.0187677470154
2.24	25.9488014139052
2.25	51.8900192170265
2.26	21.979703756101
2.27	1.42166529930879
2.28	-1.63536332214429
2.29	29.5872997031982
2.3	18.7636884882726
2.31	33.5669390257247
2.32	63.3594897173422
2.33	56.7493409190719
2.34	92.2833354912805
2.35	37.8318893611317
2.36	6.30041460686386
2.37	18.1193105229626
2.38	44.7900493634411
2.39	7.04286562588986
2.4	56.1145255070822
2.41	14.9237532041826
2.42	51.1811330179746
2.43	60.5597529415041
2.44	-0.338167239431925
2.45	76.9735187328068
2.46	-17.0962842175083
2.47	7.61410634521398
2.48	32.0665442989642
2.49	49.5089374585023
2.5	48.7713338737819
2.51	-4.26407404272609
2.52	51.9031438314744
2.53	79.3444431311615
2.54	35.5082397875159
2.55	8.63349221120368
2.56	41.0847729863114
2.57	61.9727085353027
2.58	42.8708437190119
2.59	91.805869365969
2.6	32.7845166646094
2.61	23.2422147171356
2.62	69.0531998456229
2.63	54.7842195585757
2.64	77.7260333149772
2.65	32.6364413444259
2.66	14.9584277532565
2.67	59.6203422964292
2.68	41.877194655748
2.69	61.744790653768
2.7	48.0696576086727
2.71	-25.0961570845378
2.72	44.3652598309792
2.73	13.6019355553761
2.74	51.7653849176973
2.75	34.2374725034005
2.76	40.8905419271711
2.77	95.4543105739226
2.78	33.8144961238054
2.79	84.6976638884631
2.8	44.447741036941
2.81	39.6902608090791
2.82	44.3717369006018
2.83	71.7121766422677
2.84	9.86259370869556
2.85	28.2981666522151
2.86	68.3698901199687
2.87	18.1601450280217
2.88	54.0602878347832
2.89	39.2711474583417
2.9	36.0959775433175
2.91	92.7939049324362
2.92	15.3164657672047
2.93	52.9181358385104
2.94	27.8688191205732
2.95	15.8739149817015
2.96	38.7427170298355
2.97	26.0127852248899
2.98	68.8812958976811
2.99	72.5162906166707
3	57.9029216110935
3.01	68.0590650102581
3.02	54.6841604420698
3.03	68.9962325188568
3.04	74.3811633029313
3.05	25.5956718053694
3.06	49.5292006289031
3.07	45.6950868291561
3.08	63.8231248471826
3.09	34.0704739179892
3.1	130.769515362794
3.11	58.8875622441287
3.12	46.9879382787522
3.13	57.4694043478943
3.14	77.9605379272285
3.15	44.2395837505572
3.16	11.1625844364338
3.17	1.69088619031211
3.18	48.8002098742281
3.19	32.9146816283332
3.2	28.3069150886848
3.21	30.5182754015432
3.22	51.4892386820542
3.23	78.5914348760842
3.24	65.1758160617076
3.25	76.9286896155332
3.26	20.8593439374361
3.27	4.79452587341142
3.28	67.265452269683
3.29	47.6551326972532
3.3	12.7380926372558
3.31	55.7903207617712
3.32	64.7138569645235
3.33	66.6930309426096
3.34	79.66741553259
3.35	42.0499865056482
3.36	38.2651877859042
3.37	18.2609579195107
3.38	87.0923129464886
3.39	125.125104067918
3.4	95.2591249966131
3.41	61.5106597506172
3.42	0.750318555010196
3.43	87.6770882937374
3.44	44.313143367833
3.45	-6.72664721108203
3.46	28.1287540560865
3.47	59.318018833138
3.48	35.9970913096157
3.49	77.8005161043659
3.5	30.1146963314191
3.51	-33.6263678093023
3.52	44.6962545057438
3.53	86.3908370114466
3.54	91.6357824434366
3.55	30.7686461483328
3.56	52.1273747138707
3.57	54.8949699103971
3.58	88.1695010812519
3.59	79.7834924008838
3.6	48.8431114821031
3.61	64.7733503546325
3.62	45.1168971875179
3.63	76.1521681940926
3.64	68.8628629422388
3.65	33.3488184012142
3.66	67.5478420371099
3.67	76.3074083925226
3.68	50.3399590926536
3.69	59.641293110454
3.7	60.5568127403701
3.71	106.639312007814
3.72	68.4263422423852
3.73	53.1157918937307
3.74	83.2878370853045
3.75	28.4529787713164
3.76	49.9795465709607
3.77	-15.9464459014871
3.78	80.5015655721505
3.79	81.4790640109274
3.8	75.3703708959042
3.81	118.433167848747
3.82	90.7214594357712
3.83	60.0860875520209
3.84	61.974362438799
3.85	44.0656738096899
3.86	66.3350766521584
3.87	61.1677428416579
3.88	84.3677362478369
3.89	58.2463230693126
3.9	95.7895072444198
3.91	19.0955884568121
3.92	76.2390854186916
3.93	69.5562643939567
3.94	68.8512329459331
3.95	36.1849605699914
3.96	18.1613770626952
3.97	84.0288590555704
3.98	90.4766206855707
3.99	73.0585098371665
4	134.523006775102
4.01	35.4301695708168
4.02	121.61337642233
4.03	64.790649515397
4.04	61.3323252060338
4.05	76.0389197671385
4.06	77.0037504352827
4.07	70.7717567829617
4.08	95.2672191818809
4.09	85.3313337617982
4.1	116.353154679486
4.11	51.6489057190719
4.12	47.6477023171857
4.13	70.6282963788288
4.14	97.3599856176547
4.15	54.4788785116105
4.16	102.092432050779
4.17	65.5922636602167
4.18	81.7287394466222
4.19	41.0048274536751
4.2	47.1013109530458
4.21	77.2306990210087
4.22	104.880868986571
4.23	74.4703958238777
4.24	61.764422477641
4.25	133.674254752037
4.26	99.2000637563971
4.27	48.1577923422351
4.28	85.844251241637
4.29	54.2338960524495
4.3	59.072142084865
4.31	77.7908932315046
4.32	96.3556047833992
4.33	67.3857984084458
4.34	55.2244006184485
4.35	99.3818424934834
4.36	40.6399865782391
4.37	58.7044555829192
4.38	143.915778511025
4.39	74.7774897355157
4.4	93.743954441232
4.41	81.6801418013393
4.42	48.275961187617
4.43	37.8701828715642
4.44	64.2966093119782
4.45	90.6880667480131
4.46	133.11641052466
4.47	109.16585445231
4.48	111.012671060654
4.49	42.0700233412341
4.5	101.21912350835
4.51	37.1659434740978
4.52	92.4295746824113
4.53	80.5597220419624
4.54	122.930411766057
4.55	50.7333234934033
4.56	78.5109661764861
4.57	142.224454256818
4.58	94.6599063002271
4.59	52.6064556358267
4.6	100.809167171505
4.61	87.1896244903235
4.62	127.049829194485
4.63	86.151329792032
4.64	83.4121436389338
4.65	100.200329234944
4.66	125.17473586225
4.67	88.1299384187433
4.68	102.754383580301
4.69	78.20863401721
4.7	120.387276586341
4.71	33.1017664058152
4.72	94.5695885040923
4.73	64.6700416673203
4.74	95.5604802228305
4.75	122.293305167459
4.76	74.6315473635349
4.77	99.140694858538
4.78	82.8711053298567
4.79	90.9731618774961
4.8	138.666428922177
4.81	146.692930159211
4.82	116.096434397006
4.83	109.025325562545
4.84	92.6616209398864
4.85	82.620107880863
4.86	87.6119566622432
4.87	92.4871339490015
4.88	109.466907729811
4.89	45.4764233033467
4.9	117.736401927699
4.91	102.534227590925
4.92	103.504863136273
4.93	98.9019985304039
4.94	117.024384357795
4.95	111.457576058383
4.96	77.4055404032531
4.97	105.599655150962
4.98	120.431041489208
4.99	136.166125951952
5	113.469204594813
5.01	141.94243074043
5.02	74.8544729748134
5.03	137.266780088357
5.04	140.358285862006
5.05	128.595010301273
5.06	139.523912832566
5.07	84.3821720518578
5.08	57.6994295025165
5.09	98.7822660482876
5.1	74.6352453824577
5.11	60.661106195428
5.12	64.876832211646
5.13	139.278179740807
5.14	88.3054162543443
5.15	56.4433870946894
5.16	53.4904617353704
5.17	111.433363653017
5.18	122.931222309312
5.19	127.454918274013
5.2	77.2680155959561
5.21	105.161159869037
5.22	96.4642554654434
5.23	78.0533260775528
5.24	179.202517521575
5.25	99.128099674704
5.26	88.6375457013974
5.27	124.455158764998
5.28	146.860746617224
5.29	130.953978208319
5.3	127.661949490048
5.31	96.0110367910416
5.32	76.827464237199
5.33	74.1456432691793
5.34	106.454046829215
5.35	143.215314430734
5.36	125.362784309935
5.37	155.83639206894
5.38	99.4792302669962
5.39	64.7930863016538
5.4	136.401702176113
5.41	105.328762774468
5.42	91.3784184477832
5.43	104.618396977902
5.44	134.276728247833
5.45	130.98608474471
5.46	95.655415195388
5.47	117.955143775459
5.48	102.700382399399
5.49	118.822185745391
5.5	116.378101875959
5.51	125.337783565593
5.52	154.864581149882
5.53	147.996865448581
5.54	104.668477691185
5.55	131.585455607515
5.56	128.241093689317
5.57	122.373360524844
5.58	120.565523714964
5.59	87.764293130011
5.6	170.986047090938
5.61	111.394934832352
5.62	92.5963296227046
5.63	106.534152347721
5.64	93.4454546994244
5.65	101.58405664558
5.66	105.587514075621
5.67	160.40564413341
5.68	138.472625100019
5.69	172.589453254685
5.7	98.2434387433482
5.71	138.433688452643
5.72	96.0471761594998
5.73	124.571070372235
5.74	141.671713249062
5.75	148.864697324521
5.76	155.256884327141
5.77	88.8956316072493
5.78	153.038807394702
5.79	128.296506493534
5.8	122.213916687621
5.81	146.636516424142
5.82	175.780204190688
5.83	125.175535974679
5.84	173.194632307862
5.85	126.005568427019
5.86	65.1254076967182
5.87	178.869556729956
5.88	125.277043631605
5.89	136.549886738415
5.9	142.489817774213
5.91	137.829250709194
5.92	156.033385034273
5.93	128.809563102735
5.94	197.052298270212
5.95	117.643233120536
5.96	131.626502507986
5.97	139.465250193425
5.98	117.032294120711
5.99	102.678790919055
6	146.305272714677
6.01	175.304671075603
6.02	127.424469059687
6.03	117.119145252124
6.04	127.219351085418
6.05	137.197724737172
6.06	111.396186413144
6.07	122.729231740573
6.08	107.191945199178
6.09	138.20043385614
6.1	125.65525512671
6.11	117.992921388074
6.12	144.868416123445
6.13	131.000650563971
6.14	158.378319819271
6.15	155.589681853041
6.16	157.483915522684
6.17	124.882444789556
6.18	65.2262168939889
6.19	172.22211673521
6.2	143.264738426168
6.21	138.73767530077
6.22	155.264288792987
6.23	139.399168060247
6.24	139.400074974141
6.25	170.781586590541
6.26	111.384455837993
6.27	173.288109827035
6.28	129.401763622157
6.29	127.044409722972
6.3	165.45749095786
6.31	144.962643894688
6.32	98.1788362156583
6.33	181.275285334645
6.34	173.245069246588
6.35	161.842193288349
6.36	121.185075584959
6.37	144.891245189375
6.38	188.732505008929
6.39	213.85070716117
6.4	173.307420703915
6.41	162.052485171702
6.42	167.12915648494
6.43	178.295348820593
6.44	190.005680832839
6.45	170.307127368244
6.46	158.80122041895
6.47	99.1908051362731
6.48	137.951424980775
6.49	182.401941748046
6.5	90.953420221165
6.51	139.489592319057
6.52	165.617878880395
6.53	196.711213376733
6.54	165.474016338302
6.55	130.616942938907
6.56	153.293842682974
6.57	196.949908778424
6.58	148.821827446035
6.59	125.603228339553
6.6	195.09574912965
6.61	177.7332367408
6.62	127.153411671502
6.63	179.089150704511
6.64	181.734029480997
6.65	163.001621637496
6.66	175.818644624753
6.67	164.93603394683
6.68	154.685594306367
6.69	184.190181294852
6.7	207.942007023007
6.71	146.518477908321
6.72	151.25006433493
6.73	125.952439206918
6.74	180.784133422069
6.75	167.968535877702
6.76	203.21758475458
6.77	197.837048456256
6.78	134.201786710357
6.79	164.835565070355
6.8	132.708126790618
6.81	219.30573486284
6.82	153.44620622576
6.83	180.036391260454
6.84	178.060400997032
6.85	172.861620539522
6.86	183.712174885941
6.87	166.355444192719
6.88	126.956056484183
6.89	159.141307865125
6.9	246.404756072892
6.91	164.0861688405
6.92	183.439731757215
6.93	159.900793715117
6.94	189.392967786069
6.95	182.155973578739
6.96	204.379333480947
6.97	228.778832359872
6.98	161.654806638519
6.99	175.306240186126
7	140.630321877425
7.01	130.716026075935
7.02	214.486821565089
7.03	186.287182926065
7.04	199.590419641906
7.05	208.727528309519
7.06	218.62667136389
7.07	156.851282260363
7.08	180.838887748128
7.09	166.227719249751
7.1	172.435103478558
7.11	182.890514977513
7.12	176.050761038686
7.13	200.990578976966
7.14	184.284583728065
7.15	184.95516037792
7.16	219.482315980563
7.17	265.454196274805
7.18	210.250490118196
7.19	160.004493375322
7.2	209.782979130937
7.21	158.750863325394
7.22	167.539157676918
7.23	192.500555144879
7.24	223.686359608054
7.25	216.783641810475
7.26	201.02990864049
7.27	205.782237458289
7.28	202.229737290592
7.29	228.352560360731
7.3	183.975471287056
7.31	204.777114025061
7.32	253.709547488841
7.33	152.782857164738
7.34	202.164007746936
7.35	208.115492326676
7.36	195.166852841357
7.37	175.312872671555
7.38	211.540580860148
7.39	173.936165400686
7.4	207.623360720895
7.41	199.933899377591
7.42	184.088817325122
7.43	219.535293562417
7.44	194.824216587533
7.45	226.805052051645
7.46	158.777778887417
7.47	188.125354986806
7.48	206.776904425334
7.49	172.608373964229
7.5	157.469720947076
7.51	165.221871563805
7.52	232.180700361999
7.53	240.62708387245
7.54	243.196600872576
7.55	244.967571027943
7.56	211.672721058093
7.57	252.159936030262
7.58	199.893546783568
7.59	163.148514056897
7.6	236.047552693105
7.61	226.97381305009
7.62	261.701211336347
7.63	211.710019974566
7.64	262.435969711035
7.65	189.651456450847
7.66	247.81943895919
7.67	223.36654656221
7.68	177.469834684029
7.69	187.295913061731
7.7	205.755049578628
7.71	216.250388448391
7.72	246.402136473398
7.73	207.109143438194
7.74	153.050474185101
7.75	188.405568458211
7.76	262.137617678386
7.77	221.585778753909
7.78	192.592562202909
7.79	211.582202591999
7.8	223.272328719922
7.81	197.850590794439
7.82	252.045463450644
7.83	193.187963229329
7.84	250.820792919433
7.85	243.067671048534
7.86	205.324589379459
7.87	199.183626942187
7.88	176.151244785237
7.89	184.155839092639
7.9	248.379440166815
7.91	204.246386257847
7.92	193.089044503893
7.93	254.080798704572
7.94	234.973124470411
7.95	274.131851088
7.96	230.028069091065
7.97	201.649746177938
7.98	240.603103952797
7.99	225.294092801492
8	239.605376111246
8.01	237.19802921501
8.02	246.49724994571
8.03	248.439159317475
8.04	246.413791326456
8.05	242.441354188785
8.06	153.2744554125
8.07	234.583928853842
8.08	237.465381004381
8.09	199.712761522407
8.1	274.980208701142
8.11	251.38879509698
8.12	257.899836394741
8.13	255.032198662967
8.14	223.448948985352
8.15	233.294382105402
8.16	251.460462145409
8.17	247.324029191738
8.18	256.23307911708
8.19	208.018757311629
8.2	242.251915860802
8.21	260.823220442013
8.22	244.089211672922
8.23	197.013472914619
8.24	240.118049136676
8.25	260.033123747408
8.26	233.783164066612
8.27	235.456999346499
8.28	244.863268955661
8.29	241.263821379705
8.3	241.08377104687
8.31	272.493420880464
8.32	229.833820681802
8.33	248.158210422259
8.34	265.090196041296
8.35	224.885183227336
8.36	265.329263596725
8.37	242.231891575228
8.38	250.072844587494
8.39	254.231389402395
8.4	235.742728055601
8.41	274.342593956684
8.42	284.606198780595
8.43	275.096038580858
8.44	247.173877044304
8.45	240.986941276661
8.46	302.617526445501
8.47	240.686167592368
8.48	320.736005088851
8.49	267.172466125477
8.5	269.416147053387
8.51	318.219675125692
8.52	290.62306120802
8.53	252.309764934941
8.54	285.066259991271
8.55	263.887000072676
8.56	295.947987794537
8.57	266.890215085484
8.58	292.850281527528
8.59	270.252540002763
8.6	232.254526532201
8.61	253.614107357317
8.62	230.533565080196
8.63	277.732025241857
8.64	239.087728883608
8.65	248.699559170667
8.66	269.903241852783
8.67	280.335640363997
8.68	324.326369783179
8.69	292.473474785641
8.7	254.856568041269
8.71	290.978251908653
8.72	281.408187021105
8.73	321.847103014922
8.74	228.366773228803
8.75	234.517168424011
8.76	305.160532897662
8.77	298.166591911905
8.78	298.648174215614
8.79	314.064794607277
8.8	262.970318663948
8.81	288.282194236334
8.82	306.06205327755
8.83	232.346046833711
8.84	275.363627632587
8.85	242.116922219879
8.86	281.810733276926
8.87	248.847539401289
8.88	263.218113471301
8.89	263.378840541201
8.9	250.784316097574
8.91	272.322259535219
8.92	253.181620252656
8.93	356.422035212255
8.94	261.075590542431
8.95	285.664101463638
8.96	361.148604164364
8.97	258.514978328704
8.98	303.820833130282
8.99	271.085890205831
9	261.952252841049
9.01	314.369793480922
9.02	299.751741802451
9.03	323.841374929327
9.04	295.183794750192
9.05	315.163711997032
9.06	281.460196294648
9.07	293.271107945944
9.08	277.534225715201
9.09	233.044925565521
9.1	230.199349961539
9.11	322.925538615492
9.12	298.240734439345
9.13	296.667390264396
9.14	291.147996488805
9.15	303.947086844102
9.16	311.661730193473
9.17	271.619457743169
9.18	297.49514351339
9.19	288.283485448778
9.2	293.311214032444
9.21	297.528435293078
9.22	328.510457910725
9.23	273.849574095364
9.24	352.863393814266
9.25	321.29060329764
9.26	292.87223959512
9.27	322.770640842863
9.28	331.805376716892
9.29	268.18312648508
9.3	290.82953830941
9.31	274.816842975335
9.32	301.122452919647
9.33	291.027946886995
9.34	255.349260034387
9.35	312.866956507582
9.36	265.567899513032
9.37	304.920475002793
9.38	317.133735720306
9.39	339.756577590005
9.4	319.757853353478
9.41	398.254451015926
9.42	294.038928498924
9.43	309.244056284024
9.44	296.825992156506
9.45	352.783605131022
9.46	333.369193592779
9.47	280.104856009962
9.48	371.834690943992
9.49	289.385199615124
9.5	336.451037010728
9.51	362.096661837651
9.52	337.414143683722
9.53	316.159590205782
9.54	288.648650013455
9.55	287.106376668373
9.56	370.072530542657
9.57	291.971817099831
9.58	323.936969492913
9.59	279.455179024413
9.6	313.417740729465
9.61	355.544758396586
9.62	245.804870877994
9.63	359.102115780334
9.64	327.779371956246
9.65	294.599836312293
9.66	325.0605679055
9.67	291.615687919568
9.68	275.004414614602
9.69	266.763989044744
9.7	308.561925731255
9.71	341.766054582428
9.72	336.35159697092
9.73	355.905091027386
9.74	279.856384856191
9.75	361.023061769158
9.76	309.906060140174
9.77	360.682937704454
9.78	319.824296908011
9.79	297.147961945432
9.8	364.781108196835
9.81	319.708227382181
9.82	310.893868900571
9.83	270.42875727955
9.84	338.848657087261
9.85	359.041304077322
9.86	306.620639496671
9.87	361.004583580357
9.88	337.574697805887
9.89	352.054131775902
9.9	349.907522115695
9.91	360.655287739267
9.92	317.348565812626
9.93	387.75611934854
9.94	324.601381713909
9.95	386.142167418893
9.96	370.795237320056
9.97	363.978456233421
9.98	302.32196312463
9.99	308.807363376893
10	328.345408836881
